0.000000 0.003660 0.007806 0.000170 0.130052 0.022166 0.003147 0.000595 0.000100 0.002695 0.000607 0.001942 0.000338 0.002107 0.087754 0.032378 0.001829 0.012695 0.002330 0.004386 0.000409 0.002342 0.005280 0.144169 0.001419 0.000322 0.003663 0.002090 0.004773 0.003899 0.036873 0.004800 0.000137 0.008429 0.011472 0.000168 0.005151 0.005756 0.000453 0.000428 0.000013 0.007565 0.022825 0.001344 0.003064 0.002302 0.005764 0.003567 0.000101 0.002908 0.003677 0.001963 0.109519 0.002769 0.000070 0.000742 0.002392 0.001516 0.002015 0.002904 0.001037 0.003458 0.038965 0.067528 0.001097 0.015766 0.000740 0.000653 0.000938 0.009144 0.000462 0.000711 0.001114 0.000172
0.003660 0.000000 0.000518 0.000037 0.001133 0.000102 0.000025 0.000024 0.000009 0.000696 0.001375 0.000176 0.000139 0.000149 0.000250 0.000630 0.000126 0.000677 0.201455 0.037271 0.173784 0.011672 0.009102 0.003930 0.000707 0.000045 0.010303 0.000124 0.000363 0.003187 0.000130 0.000459 0.000017 0.015144 0.004137 0.000050 0.027408 0.013437 0.000053 0.000037 0.000007 0.223665 0.011605 0.000677 0.000176 0.000146 0.000522 0.001276 0.000028 0.035717 0.100895 0.000023 0.000471 0.000009 0.000000 0.000731 0.058817 0.022077 0.052939 0.029060 0.020492 0.000550 0.003163 0.003410 0.004468 0.000398 0.000046 0.000059 0.000085 0.000106 0.000037 0.000889 0.001535 0.000031
0.007806 0.000518 0.000000 0.001122 0.002022 0.005091 0.006330 0.075440 0.013579 0.001001 0.001048 0.004750 0.001932 0.005844 0.003753 0.128897 0.004813 0.004285 0.001685 0.003054 0.000069 0.000949 0.011123 0.010830 0.001067 0.000815 0.040399 0.064521 0.046806 0.170405 0.002126 0.005375 0.005570 0.020180 0.028195 0.003168 0.010652 0.010095 0.001641 0.001677 0.001027 0.001595 0.007335 0.002032 0.036412 0.185393 0.001277 0.027330 0.001503 0.001032 0.000182 0.001699 0.001127 0.001723 0.000086 0.000814 0.000440 0.000800 0.000680 0.002488 0.000681 0.006403 0.008229 0.004083 0.001847 0.008733 0.024071 0.003417 0.013245 0.001785 0.053850 0.013358 0.004701 0.005543
0.000170 0.000037 0.001122 0.000000 0.000032 0.000029 0.000038 0.000012 0.000002 0.000009 0.000017 0.065266 0.002096 0.011004 0.000461 0.000724 0.080157 0.019294 0.000234 0.000223 0.000000 0.000012 0.000086 0.001900 0.005627 0.136873 0.008146 0.057830 0.017407 0.000478 0.000041 0.000023 0.013260 0.033827 0.002502 0.097767 0.001179 0.005119 0.001556 0.002159 0.137138 0.000285 0.000081 0.000012 0.033634 0.000094 0.000963 0.010485 0.076714 0.000010 0.000000 0.000258 0.000076 0.000034 0.000506 0.003290 0.000021 0.000047 0.000030 0.000135 0.000005 0.001421 0.000077 0.001186 0.000011 0.000023 0.037219 0.007098 0.000094 0.000013 0.000007 0.004715 0.009464 0.024729
0.130052 0.001133 0.002022 0.000032 0.000000 0.108778 0.004755 0.001614 0.000283 0.000797 0.000189 0.003352 0.000053 0.003379 0.035364 0.156901 0.000094 0.000264 0.000915 0.001373 0.000078 0.000626 0.000497 0.015432 0.000293 0.000042 0.001129 0.000477 0.001091 0.001620 0.046288 0.000517 0.000034 0.001603 0.001227 0.000043 0.000796 0.001445 0.000046 0.000037 0.000004 0.003283 0.002334 0.000332 0.000837 0.000710 0.000093 0.000587 0.000029 0.000130 0.000692 0.006633 0.065947 0.001210 0.000012 0.000197 0.000775 0.000505 0.000117 0.000102 0.000074 0.001809 0.004369 0.000303 0.000328 0.024005 0.000139 0.000588 0.000204 0.119595 0.000569 0.000213 0.000301 0.000031
0.022166 0.000102 0.005091 0.000029 0.108778 0.000000 0.193327 0.045220 0.024888 0.021848 0.000409 0.000450 0.000039 0.001292 0.004371 0.198812 0.001165 0.001157 0.000082 0.000196 0.000022 0.002087 0.002195 0.020301 0.000093 0.000016 0.000188 0.000150 0.000289 0.014448 0.112028 0.018275 0.000017 0.000382 0.005118 0.000007 0.000115 0.000091 0.000046 0.000012 0.000002 0.000145 0.002198 0.005676 0.000206 0.004759 0.001254 0.000886 0.000015 0.000152 0.000023 0.000983 0.001357 0.000096 0.000000 0.000051 0.000028 0.000065 0.000038 0.000083 0.000084 0.001409 0.027080 0.002840 0.004149 0.133513 0.000056 0.000216 0.000043 0.190013 0.013517 0.000066 0.000056 0.000010
0.003147 0.000025 0.006330 0.000038 0.004755 0.193327 0.000000 0.111288 0.013176 0.008878 0.000402 0.001271 0.000048 0.002952 0.013406 0.203053 0.000343 0.000201 0.000044 0.000116 0.000005 0.001805 0.000568 0.004251 0.000103 0.000030 0.000160 0.000166 0.000190 0.017058 0.009412 0.002943 0.000000 0.000220 0.002088 0.000018 0.000033 0.000071 0.000060 0.000150 0.000000 0.000068 0.000732 0.006481 0.000135 0.002872 0.000132 0.000366 0.000017 0.000051 0.000000 0.002247 0.004707 0.000399 0.000012 0.000052 0.000013 0.000025 0.000008 0.000020 0.000031 0.001883 0.004211 0.000528 0.004097 0.065417 0.000044 0.000517 0.000055 0.021640 0.009656 0.000021 0.000057 0.000026
0.000595 0.000024 0.075440 0.000012 0.001614 0.045220 0.111288 0.000000 0.073145 0.016093 0.001283 0.001661 0.000023 0.001810 0.002176 0.153853 0.000099 0.000087 0.000031 0.000307 0.000020 0.003115 0.000999 0.001947 0.000047 0.000014 0.000374 0.000153 0.000240 0.067974 0.002584 0.001376 0.000003 0.000326 0.000844 0.000011 0.000079 0.000086 0.000040 0.000052 0.000002 0.000057 0.000412 0.010629 0.000086 0.096637 0.000053 0.000216 0.000006 0.000034 0.000000 0.001328 0.000961 0.000106 0.000012 0.000029 0.000000 0.000008 0.000010 0.000041 0.000204 0.000492 0.001741 0.000343 0.005019 0.048272 0.000024 0.000365 0.000029 0.008569 0.023893 0.000027 0.000066 0.000005
0.000100 0.000009 0.013579 0.000002 0.000283 0.024888 0.013176 0.073145 0.000000 0.115202 0.000790 0.000110 0.000007 0.000173 0.000319 0.015223 0.000048 0.000018 0.000028 0.000171 0.000014 0.039243 0.000288 0.000730 0.000002 0.000002 0.000033 0.000035 0.000044 0.112014 0.001576 0.000586 0.000000 0.000092 0.000355 0.000000 0.000005 0.000004 0.000000 0.000012 0.000000 0.000000 0.000192 0.021104 0.000007 0.028748 0.000024 0.000074 0.000000 0.000021 0.000000 0.000161 0.000095 0.000004 0.000000 0.000000 0.000000 0.000009 0.000000 0.000015 0.000045 0.000067 0.000671 0.000147 0.003035 0.077466 0.000001 0.000017 0.000009 0.002732 0.111657 0.000012 0.000003 0.000000
0.002695 0.000696 0.001001 0.000009 0.000797 0.021848 0.008878 0.016093 0.115202 0.000000 0.020575 0.000913 0.000027 0.000689 0.001490 0.038229 0.000413 0.000416 0.000527 0.048512 0.001151 0.013636 0.065768 0.010268 0.000062 0.000008 0.003120 0.000053 0.000029 0.030451 0.003603 0.008724 0.000000 0.002899 0.005365 0.000000 0.002273 0.001634 0.000013 0.000000 0.000000 0.010449 0.027679 0.060192 0.000012 0.000340 0.000265 0.000546 0.000008 0.005509 0.000889 0.000826 0.000573 0.000067 0.000000 0.000031 0.000062 0.000536 0.000098 0.000315 0.018800 0.000193 0.009414 0.001581 0.030188 0.214757 0.000008 0.000243 0.000009 0.003585 0.003995 0.000102 0.000487 0.000000
0.000607 0.001375 0.001048 0.000017 0.000189 0.000409 0.000402 0.001283 0.000790 0.020575 0.000000 0.000119 0.000060 0.000166 0.000210 0.001099 0.000041 0.000147 0.001504 0.295953 0.001126 0.144336 0.004657 0.000725 0.000089 0.000014 0.001089 0.000041 0.000055 0.029330 0.000073 0.000173 0.000000 0.003676 0.001400 0.000013 0.001237 0.001739 0.000046 0.000050 0.000002 0.048922 0.001423 0.186512 0.000046 0.000635 0.000071 0.000553 0.000013 0.000847 0.000169 0.000058 0.000136 0.000008 0.000000 0.000084 0.000261 0.001786 0.000375 0.000454 0.020844 0.000425 0.000453 0.000420 0.136224 0.004543 0.000015 0.000037 0.000006 0.000062 0.003403 0.000355 0.001023 0.000003
0.001942 0.000176 0.004750 0.065266 0.003352 0.000450 0.001271 0.001661 0.000110 0.000913 0.000119 0.000000 0.019028 0.097697 0.002989 0.064391 0.068540 0.095568 0.000748 0.001110 0.000023 0.000169 0.000769 0.006241 0.009869 0.030639 0.007450 0.012904 0.003971 0.004680 0.000140 0.000119 0.006106 0.018917 0.006242 0.028587 0.001960 0.005943 0.022077 0.076124 0.017142 0.001315 0.000550 0.000306 0.004307 0.005855 0.004070 0.014030 0.221813 0.000062 0.000090 0.083955 0.001096 0.001818 0.000831 0.003431 0.000150 0.000290 0.000232 0.000231 0.000039 0.010554 0.000236 0.002480 0.000252 0.000539 0.008596 0.052337 0.000879 0.000102 0.000900 0.006248 0.009352 0.007505
0.000338 0.000139 0.001932 0.002096 0.000053 0.000039 0.000048 0.000023 0.000007 0.000027 0.000060 0.019028 0.000000 0.067208 0.000660 0.002392 0.003817 0.156943 0.000506 0.000936 0.000000 0.000081 0.002032 0.097350 0.005615 0.002750 0.002563 0.003706 0.003632 0.001085 0.000117 0.000416 0.000066 0.002685 0.007333 0.000534 0.000759 0.002224 0.074659 0.041813 0.000130 0.001397 0.000238 0.000097 0.004952 0.000183 0.168884 0.006908 0.030081 0.000013 0.000023 0.000100 0.000178 0.000035 0.000234 0.000839 0.000118 0.000202 0.000074 0.000147 0.000002 0.019780 0.000673 0.013185 0.000039 0.000034 0.000986 0.001525 0.000088 0.000007 0.000013 0.001590 0.003337 0.000168
0.002107 0.000149 0.005844 0.011004 0.003379 0.001292 0.002952 0.001810 0.000173 0.000689 0.000166 0.097697 0.067208 0.000000 0.007338 0.070352 0.003844 0.060252 0.001051 0.001305 0.000023 0.000150 0.000641 0.018799 0.039523 0.029515 0.016033 0.028293 0.011517 0.004842 0.000116 0.000085 0.000458 0.006271 0.003862 0.004643 0.002427 0.009034 0.200274 0.192726 0.000626 0.001567 0.000599 0.000284 0.017460 0.002445 0.018313 0.010112 0.108248 0.000060 0.000049 0.097185 0.002694 0.002427 0.006772 0.019787 0.000150 0.000422 0.000603 0.000373 0.000026 0.096851 0.000430 0.002087 0.000264 0.002584 0.021867 0.007297 0.001879 0.000110 0.000941 0.005738 0.012961 0.000761
0.087754 0.000250 0.003753 0.000461 0.035364 0.004371 0.013406 0.002176 0.000319 0.001490 0.000210 0.002989 0.000660 0.007338 0.000000 0.165122 0.000260 0.000614 0.000672 0.000907 0.000020 0.000270 0.000729 0.024996 0.001832 0.000360 0.002299 0.004472 0.063477 0.002372 0.000254 0.000188 0.000142 0.001718 0.001391 0.000226 0.000832 0.001163 0.000543 0.001125 0.000047 0.001398 0.001345 0.000492 0.007799 0.001930 0.000218 0.001432 0.000230 0.000132 0.000261 0.227304 0.374917 0.250467 0.000185 0.001131 0.000206 0.000428 0.000418 0.000109 0.000102 0.118060 0.000394 0.000270 0.000308 0.007868 0.001405 0.106362 0.083297 0.000301 0.000775 0.000503 0.000889 0.000136
0.032378 0.000630 0.128897 0.000724 0.156901 0.198812 0.203053 0.153853 0.015223 0.038229 0.001099 0.064391 0.002392 0.070352 0.165122 0.000000 0.000547 0.002138 0.004071 0.003684 0.000074 0.002086 0.013374 0.014480 0.002766 0.001199 0.005304 0.004737 0.024298 0.029064 0.017778 0.003371 0.000161 0.003571 0.004580 0.000500 0.001281 0.001834 0.003133 0.004176 0.000061 0.002253 0.004464 0.004560 0.003690 0.057495 0.000883 0.002608 0.001028 0.000372 0.000490 0.150331 0.046065 0.225317 0.000262 0.001384 0.000802 0.001832 0.001412 0.000300 0.000488 0.039837 0.004292 0.001642 0.002786 0.073684 0.001637 0.080879 0.046403 0.053503 0.019998 0.000866 0.001352 0.000242
0.001829 0.000126 0.004813 0.080157 0.000094 0.001165 0.000343 0.000099 0.000048 0.000413 0.000041 0.068540 0.003817 0.003844 0.000260 0.000547 0.000000 0.109184 0.000550 0.000650 0.000018 0.000056 0.007149 0.031385 0.010046 0.018466 0.010307 0.017224 0.003081 0.001108 0.007693 0.022609 0.022540 0.036539 0.036040 0.025897 0.004801 0.011795 0.001462 0.002255 0.056605 0.000409 0.001192 0.000062 0.006830 0.000185 0.030578 0.080317 0.101728 0.000225 0.000045 0.000122 0.000085 0.000015 0.000631 0.002950 0.000070 0.000203 0.000333 0.000673 0.000066 0.001656 0.024840 0.028486 0.000091 0.000501 0.007388 0.001335 0.000060 0.001237 0.000064 0.012678 0.022953 0.032221
0.012695 0.000677 0.004285 0.019294 0.000264 0.001157 0.000201 0.000087 0.000018 0.000416 0.000147 0.095568 0.156943 0.060252 0.000614 0.002138 0.109184 0.000000 0.000967 0.001661 0.000055 0.000213 0.008023 0.078184 0.006819 0.012869 0.005813 0.009571 0.004680 0.001732 0.005417 0.015032 0.002034 0.016371 0.043791 0.012636 0.004087 0.006297 0.067415 0.035064 0.008877 0.001966 0.004700 0.000172 0.008746 0.000599 0.150678 0.031249 0.141241 0.000917 0.000262 0.000219 0.000151 0.000068 0.000388 0.001596 0.000285 0.000566 0.000680 0.001279 0.000306 0.021085 0.032937 0.083604 0.000284 0.000505 0.003221 0.003336 0.000241 0.001184 0.000108 0.004344 0.007829 0.007259
0.002330 0.201455 0.001685 0.000234 0.000915 0.000082 0.000044 0.000031 0.000028 0.000527 0.001504 0.000748 0.000506 0.001051 0.000672 0.004071 0.000550 0.000967 0.000000 0.073399 0.007061 0.000576 0.002505 0.002853 0.035585 0.000356 0.083652 0.000550 0.001252 0.005152 0.000101 0.000253 0.000156 0.017489 0.005310 0.000375 0.044280 0.023833 0.000378 0.000546 0.000068 0.092109 0.006552 0.000673 0.000463 0.000448 0.000661 0.004561 0.000280 0.009476 0.000478 0.000554 0.000381 0.000232 0.000054 0.026788 0.314502 0.185284 0.112909 0.010424 0.001940 0.002408 0.001895 0.002677 0.005578 0.000348 0.000286 0.000801 0.000136 0.000077 0.000047 0.009835 0.068585 0.000198
0.004386 0.037271 0.003054 0.000223 0.001373 0.000196 0.000116 0.000307 0.000171 0.048512 0.295953 0.001110 0.000936 0.001305 0.000907 0.003684 0.000650 0.001661 0.073399 0.000000 0.005730 0.082797 0.010727 0.005285 0.007630 0.000401 0.048217 0.000575 0.000953 0.037146 0.000262 0.001138 0.000155 0.025978 0.011458 0.000589 0.023248 0.022709 0.000653 0.000636 0.000103 0.069909 0.011239 0.128062 0.000553 0.001181 0.001126 0.006358 0.000295 0.013814 0.000923 0.000216 0.000575 0.000065 0.000064 0.019911 0.014732 0.143859 0.010906 0.014196 0.035731 0.004345 0.004091 0.004681 0.085537 0.013285 0.000297 0.000396 0.000229 0.000197 0.000838 0.010233 0.013478 0.000261
0.000409 0.173784 0.000069 0.000000 0.000078 0.000022 0.000005 0.000020 0.000014 0.001151 0.001126 0.000023 0.000000 0.000023 0.000020 0.000074 0.000018 0.000055 0.007061 0.005730 0.000000 0.047277 0.061036 0.000571 0.000017 0.000002 0.000928 0.000005 0.000013 0.002574 0.000040 0.000142 0.000000 0.001499 0.000365 0.000004 0.003725 0.001020 0.000000 0.000000 0.000000 0.009743 0.008262 0.004405 0.000007 0.000020 0.000023 0.000088 0.000000 0.093357 0.090473 0.000005 0.000047 0.000006 0.000000 0.000019 0.005562 0.001666 0.050761 0.132405 0.205473 0.000015 0.000380 0.000318 0.002584 0.000416 0.000006 0.000000 0.000003 0.000032 0.000303 0.000037 0.000071 0.000000
0.002342 0.011672 0.000949 0.000012 0.000626 0.002087 0.001805 0.003115 0.039243 0.013636 0.144336 0.000169 0.000081 0.000150 0.000270 0.002086 0.000056 0.000213 0.000576 0.082797 0.047277 0.000000 0.024591 0.002446 0.000060 0.000012 0.000312 0.000059 0.000121 0.071634 0.000154 0.000199 0.000004 0.010894 0.002862 0.000007 0.001818 0.006245 0.000007 0.000025 0.000002 0.109036 0.004714 0.181881 0.000079 0.000850 0.000370 0.000428 0.000009 0.003055 0.165143 0.000044 0.000282 0.000000 0.000000 0.000038 0.000157 0.000650 0.000142 0.000193 0.174079 0.000305 0.001356 0.002042 0.022903 0.005262 0.000024 0.000055 0.000030 0.000351 0.060981 0.000059 0.000246 0.000000
0.005280 0.009102 0.011123 0.000086 0.000497 0.002195 0.000568 0.000999 0.000288 0.065768 0.004657 0.000769 0.002032 0.000641 0.000729 0.013374 0.007149 0.008023 0.002505 0.010727 0.061036 0.024591 0.000000 0.022383 0.000480 0.000082 0.006887 0.002349 0.000860 0.041650 0.003003 0.024406 0.000360 0.009150 0.094434 0.000349 0.008656 0.002007 0.000132 0.000140 0.000042 0.007466 0.224327 0.042576 0.001182 0.005418 0.003016 0.007676 0.000056 0.100444 0.004174 0.000345 0.000392 0.000063 0.000000 0.000282 0.001634 0.002389 0.001328 0.005387 0.122664 0.001152 0.047081 0.007317 0.018228 0.015142 0.000663 0.000173 0.000070 0.002343 0.012212 0.001057 0.001135 0.000338
0.144169 0.003930 0.010830 0.001900 0.015432 0.020301 0.004251 0.001947 0.000730 0.010268 0.000725 0.006241 0.097350 0.018799 0.024996 0.014480 0.031385 0.078184 0.002853 0.005285 0.000571 0.002446 0.022383 0.000000 0.004336 0.002383 0.006355 0.006377 0.007257 0.005254 0.112788 0.110661 0.000354 0.010907 0.060215 0.000812 0.006179 0.006764 0.016060 0.013753 0.000140 0.009213 0.021554 0.001820 0.007158 0.003482 0.161767 0.020219 0.003083 0.004850 0.004286 0.003104 0.005602 0.000453 0.000433 0.002753 0.002459 0.001891 0.002739 0.004364 0.001881 0.156853 0.198536 0.274048 0.001278 0.018814 0.002871 0.000944 0.001022 0.032613 0.000992 0.001775 0.002496 0.000411
0.001419 0.000707 0.001067 0.005627 0.000293 0.000093 0.000103 0.000047 0.000002 0.000062 0.000089 0.009869 0.005615 0.039523 0.001832 0.002766 0.010046 0.006819 0.035585 0.007630 0.000017 0.000060 0.000480 0.004336 0.000000 0.122096 0.070437 0.013604 0.005758 0.000970 0.000049 0.000063 0.000300 0.005191 0.002990 0.000838 0.049551 0.057134 0.012213 0.011452 0.000262 0.000418 0.001065 0.000040 0.002334 0.000104 0.001323 0.004716 0.005912 0.000463 0.000000 0.003335 0.000344 0.000155 0.192989 0.215910 0.006530 0.026360 0.040663 0.003982 0.000036 0.004929 0.000375 0.001160 0.000241 0.000095 0.029549 0.003378 0.000186 0.000021 0.000019 0.009040 0.172892 0.000319
0.000322 0.000045 0.000815 0.136873 0.000042 0.000016 0.000030 0.000014 0.000002 0.000008 0.000014 0.030639 0.002750 0.029515 0.000360 0.001199 0.018466 0.012869 0.000356 0.000401 0.000002 0.000012 0.000082 0.002383 0.122096 0.000000 0.013688 0.018498 0.000440 0.000670 0.000011 0.000009 0.007855 0.035869 0.001756 0.148649 0.004044 0.039185 0.008665 0.004628 0.092874 0.000347 0.000093 0.000009 0.000461 0.000205 0.000757 0.007402 0.020285 0.000014 0.000000 0.000163 0.000054 0.000016 0.203180 0.073181 0.000098 0.000165 0.000066 0.000190 0.000002 0.001853 0.000067 0.000574 0.000019 0.000029 0.172112 0.003235 0.000018 0.000005 0.000002 0.024980 0.060941 0.009382
0.003663 0.010303 0.040399 0.008146 0.001129 0.000188 0.000160 0.000374 0.000033 0.003120 0.001089 0.007450 0.002563 0.016033 0.002299 0.005304 0.010307 0.005813 0.083652 0.048217 0.000928 0.000312 0.006887 0.006355 0.070437 0.013688 0.000000 0.037404 0.011239 0.087427 0.000213 0.001326 0.008601 0.060273 0.021341 0.005230 0.036385 0.030961 0.002675 0.003572 0.001985 0.001263 0.011189 0.000713 0.005114 0.012515 0.001233 0.050048 0.003793 0.012913 0.000214 0.004486 0.000545 0.000261 0.004295 0.238274 0.027464 0.068867 0.028463 0.012456 0.001823 0.008010 0.005117 0.003559 0.026173 0.001821 0.121014 0.003049 0.000637 0.000190 0.000380 0.016919 0.049027 0.009310
0.002090 0.000124 0.064521 0.057830 0.000477 0.000150 0.000166 0.000153 0.000035 0.000053 0.000041 0.012904 0.003706 0.028293 0.004472 0.004737 0.017224 0.009571 0.000550 0.000575 0.000005 0.000059 0.002349 0.006377 0.013604 0.018498 0.037404 0.000000 0.102282 0.008415 0.000088 0.000486 0.005684 0.009146 0.014895 0.001770 0.004924 0.007092 0.002796 0.003056 0.002870 0.000662 0.001803 0.000044 0.217751 0.002161 0.001192 0.038217 0.010243 0.000197 0.000024 0.010771 0.000439 0.000350 0.000734 0.012347 0.000100 0.000238 0.000199 0.001368 0.000024 0.008068 0.001538 0.001608 0.000086 0.000190 0.234962 0.008488 0.001092 0.000074 0.000113 0.006837 0.007468 0.003376
0.004773 0.000363 0.046806 0.017407 0.001091 0.000289 0.000190 0.000240 0.000044 0.000029 0.000055 0.003971 0.003632 0.011517 0.063477 0.024298 0.003081 0.004680 0.001252 0.000953 0.000013 0.000121 0.000860 0.007257 0.005758 0.000440 0.011239 0.102282 0.000000 0.002444 0.000205 0.000271 0.000080 0.001933 0.006928 0.000153 0.003136 0.003834 0.003067 0.003144 0.000059 0.000874 0.000794 0.000055 0.309328 0.001061 0.001541 0.004303 0.001881 0.000100 0.000061 0.042281 0.001316 0.040612 0.000025 0.003801 0.000271 0.000515 0.000630 0.000557 0.000017 0.005819 0.001507 0.003101 0.000159 0.000264 0.016809 0.135674 0.218437 0.000095 0.000139 0.001317 0.003394 0.000100
0.003899 0.003187 0.170405 0.000478 0.001620 0.014448 0.017058 0.067974 0.112014 0.030451 0.029330 0.004680 0.001085 0.004842 0.002372 0.029064 0.001108 0.001732 0.005152 0.037146 0.002574 0.071634 0.041650 0.005254 0.000970 0.000670 0.087427 0.008415 0.002444 0.000000 0.000886 0.001749 0.000652 0.021198 0.018427 0.001631 0.018254 0.012687 0.000841 0.001163 0.000352 0.001607 0.009800 0.069998 0.001586 0.180516 0.000839 0.012533 0.000403 0.003194 0.000216 0.001605 0.001226 0.000161 0.000066 0.000698 0.001331 0.002545 0.003346 0.004568 0.023211 0.004406 0.004195 0.002576 0.172057 0.028036 0.001117 0.001564 0.000293 0.002306 0.317634 0.013472 0.006118 0.001015
0.036873 0.000130 0.002126 0.000041 0.046288 0.112028 0.009412 0.002584 0.001576 0.003603 0.000073 0.000140 0.000117 0.000116 0.000254 0.017778 0.007693 0.005417 0.000101 0.000262 0.000040 0.000154 0.003003 0.112788 0.000049 0.000011 0.000213 0.000088 0.000205 0.000886 0.000000 0.070390 0.000004 0.000633 0.010860 0.000029 0.000197 0.000151 0.000046 0.000050 0.000000 0.000312 0.003030 0.000469 0.000142 0.000654 0.006240 0.001905 0.000010 0.000394 0.000127 0.000098 0.000070 0.000020 0.000000 0.000013 0.000069 0.000078 0.000081 0.000191 0.000213 0.000217 0.174952 0.007715 0.000131 0.029221 0.000021 0.000023 0.000026 0.257219 0.000883 0.000040 0.000051 0.000010
0.004800 0.000459 0.005375 0.000023 0.000517 0.018275 0.002943 0.001376 0.000586 0.008724 0.000173 0.000119 0.000416 0.000085 0.000188 0.003371 0.022609 0.015032 0.000253 0.001138 0.000142 0.000199 0.024406 0.110661 0.000063 0.000009 0.001326 0.000486 0.000271 0.001749 0.070390 0.000000 0.000004 0.007501 0.062479 0.000054 0.001027 0.000487 0.000040 0.000025 0.000002 0.000834 0.019199 0.000859 0.000201 0.000733 0.010607 0.007246 0.000007 0.001781 0.000124 0.000014 0.000064 0.000012 0.000000 0.000031 0.000160 0.000283 0.000179 0.000758 0.000809 0.000231 0.161537 0.010714 0.000304 0.010318 0.000114 0.000013 0.000006 0.032525 0.000567 0.000089 0.000185 0.000010
0.000137 0.000017 0.005570 0.013260 0.000034 0.000017 0.000000 0.000003 0.000000 0.000000 0.000000 0.006106 0.000066 0.000458 0.000142 0.000161 0.022540 0.002034 0.000156 0.000155 0.000000 0.000004 0.000360 0.000354 0.000300 0.007855 0.008601 0.005684 0.000080 0.000652 0.000004 0.000004 0.000000 0.214469 0.016518 0.025438 0.000328 0.002718 0.000086 0.000083 0.081938 0.000090 0.000142 0.000000 0.000079 0.000110 0.000065 0.086330 0.036050 0.000011 0.000000 0.000013 0.000028 0.000000 0.000232 0.000156 0.000009 0.000046 0.000011 0.000013 0.000000 0.000245 0.000103 0.000159 0.000008 0.000013 0.008092 0.000047 0.000003 0.000004 0.000000 0.001974 0.007155 0.139131
0.008429 0.015144 0.020180 0.033827 0.001603 0.000382 0.000220 0.000326 0.000092 0.002899 0.003676 0.018917 0.002685 0.006271 0.001718 0.003571 0.036539 0.016371 0.017489 0.025978 0.001499 0.010894 0.009150 0.010907 0.005191 0.035869 0.060273 0.009146 0.001933 0.021198 0.000633 0.007501 0.214469 0.000000 0.097207 0.107552 0.013410 0.034155 0.002123 0.002563 0.072568 0.050322 0.047451 0.004808 0.002182 0.006243 0.009202 0.196182 0.028906 0.005937 0.021580 0.000226 0.000603 0.000085 0.004026 0.005032 0.013913 0.014178 0.009860 0.008237 0.003138 0.007658 0.012494 0.017809 0.005455 0.001405 0.007628 0.000998 0.000333 0.000815 0.001230 0.015697 0.184046 0.114319
0.011472 0.004137 0.028195 0.002502 0.001227 0.005118 0.002088 0.000844 0.000355 0.005365 0.001400 0.006242 0.007333 0.003862 0.001391 0.004580 0.036040 0.043791 0.005310 0.011458 0.000365 0.002862 0.094434 0.060215 0.002990 0.001756 0.021341 0.014895 0.006928 0.018427 0.010860 0.062479 0.016518 0.097207 0.000000 0.001765 0.004419 0.006085 0.002016 0.002188 0.004649 0.018138 0.053793 0.002224 0.015948 0.008585 0.048322 0.166762 0.002843 0.000757 0.004812 0.000187 0.000544 0.000082 0.000090 0.001587 0.001699 0.003272 0.001030 0.000981 0.000756 0.004843 0.077846 0.056395 0.001596 0.003438 0.004674 0.000951 0.000441 0.008310 0.001233 0.003636 0.005539 0.001628
0.000168 0.000050 0.003168 0.097767 0.000043 0.000007 0.000018 0.000011 0.000000 0.000000 0.000013 0.028587 0.000534 0.004643 0.000226 0.000500 0.025897 0.012636 0.000375 0.000589 0.000004 0.000007 0.000349 0.000812 0.000838 0.148649 0.005230 0.001770 0.000153 0.001631 0.000029 0.000054 0.025438 0.107552 0.001765 0.000000 0.002545 0.014911 0.000321 0.000371 0.144325 0.000256 0.000208 0.000011 0.000081 0.000461 0.000184 0.009696 0.040327 0.000014 0.000000 0.000034 0.000032 0.000007 0.000974 0.000314 0.000082 0.000207 0.000018 0.000150 0.000002 0.000560 0.000229 0.000346 0.000021 0.000016 0.002773 0.000945 0.000004 0.000007 0.000004 0.012180 0.021632 0.115558
0.005151 0.027408 0.010652 0.001179 0.000796 0.000115 0.000033 0.000079 0.000005 0.002273 0.001237 0.001960 0.000759 0.002427 0.000832 0.001281 0.004801 0.004087 0.044280 0.023248 0.003725 0.001818 0.008656 0.006179 0.049551 0.004044 0.036385 0.004924 0.003136 0.018254 0.000197 0.001027 0.000328 0.013410 0.004419 0.002545 0.000000 0.110394 0.001011 0.001166 0.000523 0.007441 0.148696 0.000817 0.001344 0.003518 0.000518 0.007114 0.001497 0.134139 0.003059 0.000887 0.000386 0.000063 0.000197 0.014225 0.016445 0.014480 0.072910 0.229799 0.010756 0.001842 0.008292 0.005221 0.003518 0.000999 0.003550 0.001324 0.000268 0.000149 0.000377 0.227703 0.019298 0.000281
0.005756 0.013437 0.010095 0.005119 0.001445 0.000091 0.000071 0.000086 0.000004 0.001634 0.001739 0.005943 0.002224 0.009034 0.001163 0.001834 0.011795 0.006297 0.023833 0.022709 0.001020 0.006245 0.002007 0.006764 0.057134 0.039185 0.030961 0.007092 0.003834 0.012687 0.000151 0.000487 0.002718 0.034155 0.006085 0.014911 0.110394 0.000000 0.002685 0.003065 0.004332 0.021590 0.066437 0.001367 0.001966 0.002527 0.001815 0.009895 0.005568 0.002649 0.013126 0.001536 0.000477 0.000076 0.034937 0.025142 0.013419 0.009397 0.058577 0.013371 0.002627 0.003784 0.004091 0.008245 0.003894 0.000748 0.006910 0.001859 0.000274 0.000122 0.000251 0.348995 0.199885 0.002779
0.000453 0.000053 0.001641 0.001556 0.000046 0.000046 0.000060 0.000040 0.000000 0.000013 0.000046 0.022077 0.074659 0.200274 0.000543 0.003133 0.001462 0.067415 0.000378 0.000653 0.000000 0.000007 0.000132 0.016060 0.012213 0.008665 0.002675 0.002796 0.003067 0.000841 0.000046 0.000040 0.000086 0.002123 0.002016 0.000321 0.001011 0.002685 0.000000 0.066599 0.000051 0.000775 0.000097 0.000026 0.002629 0.000096 0.033713 0.004812 0.089995 0.000013 0.000000 0.000070 0.000136 0.000032 0.000223 0.001074 0.000079 0.000113 0.000012 0.000118 0.000013 0.005482 0.000121 0.001003 0.000013 0.000071 0.000884 0.002640 0.000087 0.000000 0.000007 0.002484 0.004512 0.000048
0.000428 0.000037 0.001677 0.002159 0.000037 0.000012 0.000150 0.000052 0.000012 0.000000 0.000050 0.076124 0.041813 0.192726 0.001125 0.004176 0.002255 0.035064 0.000546 0.000636 0.000000 0.000025 0.000140 0.013753 0.011452 0.004628 0.003572 0.003056 0.003144 0.001163 0.000050 0.000025 0.000083 0.002563 0.002188 0.000371 0.001166 0.003065 0.066599 0.000000 0.000112 0.000860 0.000100 0.000012 0.002411 0.000191 0.004132 0.005588 0.090688 0.000025 0.000000 0.000075 0.000274 0.000053 0.000146 0.001141 0.000050 0.000112 0.000072 0.000212 0.000012 0.007846 0.000152 0.001416 0.000000 0.000025 0.000953 0.002165 0.000136 0.000012 0.000025 0.002382 0.004955 0.000070
0.000013 0.000007 0.001027 0.137138 0.000004 0.000002 0.000000 0.000002 0.000000 0.000000 0.000002 0.017142 0.000130 0.000626 0.000047 0.000061 0.056605 0.008877 0.000068 0.000103 0.000000 0.000002 0.000042 0.000140 0.000262 0.092874 0.001985 0.002870 0.000059 0.000352 0.000000 0.000002 0.081938 0.072568 0.004649 0.144325 0.000523 0.004332 0.000051 0.000112 0.000000 0.000027 0.000025 0.000002 0.000080 0.000089 0.000048 0.041019 0.083562 0.000000 0.000000 0.000000 0.000011 0.000000 0.000262 0.000409 0.000013 0.000031 0.000008 0.000013 0.000000 0.000152 0.000027 0.000065 0.000000 0.000000 0.002601 0.000084 0.000000 0.000000 0.000002 0.003030 0.009852 0.096953
0.007565 0.223665 0.001595 0.000285 0.003283 0.000145 0.000068 0.000057 0.000000 0.010449 0.048922 0.001315 0.001397 0.001567 0.001398 0.002253 0.000409 0.001966 0.092109 0.069909 0.009743 0.109036 0.007466 0.009213 0.000418 0.000347 0.001263 0.000662 0.000874 0.001607 0.000312 0.000834 0.000090 0.050322 0.018138 0.000256 0.007441 0.021590 0.000775 0.000860 0.000027 0.000000 0.010377 0.053384 0.000683 0.000516 0.002471 0.007660 0.000277 0.007604 0.063145 0.000065 0.001475 0.000050 0.000018 0.000199 0.035215 0.004191 0.000926 0.001326 0.021461 0.007287 0.003391 0.008032 0.001380 0.002216 0.000213 0.000225 0.000312 0.000185 0.000210 0.002197 0.005651 0.000109
0.022825 0.011605 0.007335 0.000081 0.002334 0.002198 0.000732 0.000412 0.000192 0.027679 0.001423 0.000550 0.000238 0.000599 0.001345 0.004464 0.001192 0.004700 0.006552 0.011239 0.008262 0.004714 0.224327 0.021554 0.001065 0.000093 0.011189 0.001803 0.000794 0.009800 0.003030 0.019199 0.000142 0.047451 0.053793 0.000208 0.148696 0.066437 0.000097 0.000100 0.000025 0.010377 0.000000 0.003247 0.000598 0.003459 0.001094 0.001978 0.000059 0.192406 0.006935 0.000122 0.000485 0.000050 0.000010 0.000625 0.005407 0.004662 0.016313 0.034652 0.045713 0.003434 0.026737 0.009979 0.004750 0.008899 0.000403 0.000055 0.000086 0.004953 0.001390 0.002015 0.001248 0.000156
0.001344 0.000677 0.002032 0.000012 0.000332 0.005676 0.006481 0.010629 0.021104 0.060192 0.186512 0.000306 0.000097 0.000284 0.000492 0.004560 0.000062 0.000172 0.000673 0.128062 0.004405 0.181881 0.042576 0.001820 0.000040 0.000009 0.000713 0.000044 0.000055 0.069998 0.000469 0.000859 0.000000 0.004808 0.002224 0.000011 0.000817 0.001367 0.000026 0.000012 0.000002 0.053384 0.003247 0.000000 0.000052 0.000835 0.000127 0.000621 0.000006 0.001245 0.000366 0.000142 0.000250 0.000025 0.000000 0.000032 0.000100 0.001028 0.000223 0.000210 0.052388 0.000396 0.001175 0.000606 0.178664 0.033556 0.000012 0.000031 0.000003 0.000559 0.018742 0.000198 0.000662 0.000000
0.003064 0.000176 0.036412 0.033634 0.000837 0.000206 0.000135 0.000086 0.000007 0.000012 0.000046 0.004307 0.004952 0.017460 0.007799 0.003690 0.006830 0.008746 0.000463 0.000553 0.000007 0.000079 0.001182 0.007158 0.002334 0.000461 0.005114 0.217751 0.309328 0.001586 0.000142 0.000201 0.000079 0.002182 0.015948 0.000081 0.001344 0.001966 0.002629 0.002411 0.000080 0.000683 0.000598 0.000052 0.000000 0.000290 0.002055 0.011065 0.003965 0.000087 0.000062 0.010196 0.000620 0.000959 0.000015 0.001442 0.000104 0.000176 0.000125 0.000228 0.000015 0.006617 0.001251 0.002906 0.000091 0.000184 0.016942 0.013395 0.004370 0.000065 0.000048 0.000913 0.001628 0.000081
0.002302 0.000146 0.185393 0.000094 0.000710 0.004759 0.002872 0.096637 0.028748 0.000340 0.000635 0.005855 0.000183 0.002445 0.001930 0.057495 0.000185 0.000599 0.000448 0.001181 0.000020 0.000850 0.005418 0.003482 0.000104 0.000205 0.012515 0.002161 0.001061 0.180516 0.000654 0.000733 0.000110 0.006243 0.008585 0.000461 0.003518 0.002527 0.000096 0.000191 0.000089 0.000516 0.003459 0.000835 0.000290 0.000000 0.000235 0.003628 0.000069 0.000267 0.000014 0.002974 0.000745 0.000098 0.000018 0.000077 0.000063 0.000113 0.000038 0.000910 0.000210 0.001426 0.002818 0.001143 0.000766 0.008325 0.000483 0.001026 0.000044 0.001206 0.019755 0.003548 0.001583 0.000251
0.005764 0.000522 0.001277 0.000963 0.000093 0.001254 0.000132 0.000053 0.000024 0.000265 0.000071 0.004070 0.168884 0.018313 0.000218 0.000883 0.030578 0.150678 0.000661 0.001126 0.000023 0.000370 0.003016 0.161767 0.001323 0.000757 0.001233 0.001192 0.001541 0.000839 0.006240 0.010607 0.000065 0.009202 0.048322 0.000184 0.000518 0.001815 0.033713 0.004132 0.000048 0.002471 0.001094 0.000127 0.002055 0.000235 0.000000 0.022822 0.013005 0.000094 0.000500 0.000059 0.000036 0.000030 0.000057 0.000274 0.000268 0.000329 0.000090 0.000083 0.000072 0.004450 0.012205 0.152483 0.000103 0.000430 0.000376 0.000476 0.000144 0.001293 0.000052 0.000520 0.001216 0.000081
0.003567 0.001276 0.027330 0.010485 0.000587 0.000886 0.000366 0.000216 0.000074 0.000546 0.000553 0.014030 0.006908 0.010112 0.001432 0.002608 0.080317 0.031249 0.004561 0.006358 0.000088 0.000428 0.007676 0.020219 0.004716 0.007402 0.050048 0.038217 0.004303 0.012533 0.001905 0.007246 0.086330 0.196182 0.166762 0.009696 0.007114 0.009895 0.004812 0.005588 0.041019 0.007660 0.001978 0.000621 0.011065 0.003628 0.022822 0.000000 0.015222 0.000304 0.000340 0.000240 0.000486 0.000061 0.000291 0.004540 0.000834 0.002111 0.001032 0.000840 0.000170 0.008257 0.009744 0.031812 0.000639 0.000681 0.021798 0.001208 0.000360 0.000935 0.000250 0.008812 0.023990 0.014218
0.000101 0.000028 0.001503 0.076714 0.000029 0.000015 0.000017 0.000006 0.000000 0.000008 0.000013 0.221813 0.030081 0.108248 0.000230 0.001028 0.101728 0.141241 0.000280 0.000295 0.000000 0.000009 0.000056 0.003083 0.005912 0.020285 0.003793 0.010243 0.001881 0.000403 0.000010 0.000007 0.036050 0.028906 0.002843 0.040327 0.001497 0.005568 0.089995 0.090688 0.083562 0.000277 0.000059 0.000006 0.003965 0.000069 0.013005 0.015222 0.000000 0.000012 0.000001 0.000070 0.000043 0.000014 0.000526 0.001586 0.000026 0.000088 0.000082 0.000143 0.000001 0.002797 0.000060 0.000374 0.000015 0.000010 0.004798 0.001374 0.000076 0.000004 0.000003 0.006319 0.011453 0.040216
0.002908 0.035717 0.001032 0.000010 0.000130 0.000152 0.000051 0.000034 0.000021 0.005509 0.000847 0.000062 0.000013 0.000060 0.000132 0.000372 0.000225 0.000917 0.009476 0.013814 0.093357 0.003055 0.100444 0.004850 0.000463 0.000014 0.012913 0.000197 0.000100 0.003194 0.000394 0.001781 0.000011 0.005937 0.000757 0.000014 0.134139 0.002649 0.000013 0.000025 0.000000 0.007604 0.192406 0.001245 0.000087 0.000267 0.000094 0.000304 0.000012 0.000000 0.003156 0.000013 0.000031 0.000013 0.000000 0.000477 0.009029 0.007532 0.021043 0.147106 0.072839 0.000141 0.008555 0.001898 0.004625 0.001446 0.000063 0.000022 0.000009 0.000317 0.000132 0.000549 0.000408 0.000010
0.003677 0.100895 0.000182 0.000000 0.000692 0.000023 0.000000 0.000000 0.000000 0.000889 0.000169 0.000090 0.000023 0.000049 0.000261 0.000490 0.000045 0.000262 0.000478 0.000923 0.090473 0.165143 0.004174 0.004286 0.000000 0.000000 0.000214 0.000024 0.000061 0.000216 0.000127 0.000124 0.000000 0.021580 0.004812 0.000000 0.003059 0.013126 0.000000 0.000000 0.000000 0.063145 0.006935 0.000366 0.000062 0.000014 0.000500 0.000340 0.000001 0.003156 0.000000 0.000023 0.000632 0.000000 0.000000 0.000000 0.000101 0.000262 0.000056 0.000045 0.069293 0.000146 0.001923 0.002986 0.000056 0.000214 0.000023 0.000011 0.000000 0.000045 0.000011 0.000049 0.000282 0.000000
0.001963 0.000023 0.001699 0.000258 0.006633 0.000983 0.002247 0.001328 0.000161 0.000826 0.000058 0.083955 0.000100 0.097185 0.227304 0.150331 0.000122 0.000219 0.000554 0.000216 0.000005 0.000044 0.000345 0.003104 0.003335 0.000163 0.004486 0.010771 0.042281 0.001605 0.000098 0.000014 0.000013 0.000226 0.000187 0.000034 0.000887 0.001536 0.000070 0.000075 0.000000 0.000065 0.000122 0.000142 0.010196 0.002974 0.000059 0.000240 0.000070 0.000013 0.000023 0.000000 0.069680 0.080306 0.000119 0.002892 0.000065 0.000207 0.000632 0.000121 0.000014 0.032525 0.000067 0.000060 0.000101 0.001652 0.003719 0.132917 0.027910 0.000127 0.000371 0.000303 0.001397 0.000021
0.109519 0.000471 0.001127 0.000076 0.065947 0.001357 0.004707 0.000961 0.000095 0.000573 0.000136 0.001096 0.000178 0.002694 0.374917 0.046065 0.000085 0.000151 0.000381 0.000575 0.000047 0.000282 0.000392 0.005602 0.000344 0.000054 0.000545 0.000439 0.001316 0.001226 0.000070 0.000064 0.000028 0.000603 0.000544 0.000032 0.000386 0.000477 0.000136 0.000274 0.000011 0.001475 0.000485 0.000250 0.000620 0.000745 0.000036 0.000486 0.000043 0.000031 0.000632 0.069680 0.000000 0.162683 0.000060 0.000184 0.000320 0.000215 0.000085 0.000052 0.000047 0.001487 0.000141 0.000097 0.000166 0.002118 0.000139 0.000403 0.000632 0.000065 0.000294 0.000150 0.000217 0.000047
0.002769 0.000009 0.001723 0.000034 0.001210 0.000096 0.000399 0.000106 0.000004 0.000067 0.000008 0.001818 0.000035 0.002427 0.250467 0.225317 0.000015 0.000068 0.000232 0.000065 0.000006 0.000000 0.000063 0.000453 0.000155 0.000016 0.000261 0.000350 0.040612 0.000161 0.000020 0.000012 0.000000 0.000085 0.000082 0.000007 0.000063 0.000076 0.000032 0.000053 0.000000 0.000050 0.000050 0.000025 0.000959 0.000098 0.000030 0.000061 0.000014 0.000013 0.000000 0.080306 0.162683 0.000000 0.000000 0.000065 0.000023 0.000100 0.000066 0.000013 0.000005 0.002027 0.000037 0.000063 0.000025 0.000109 0.000099 0.091913 0.107021 0.000006 0.000029 0.000026 0.000080 0.000005
0.000070 0.000000 0.000086 0.000506 0.000012 0.000000 0.000012 0.000012 0.000000 0.000000 0.000000 0.000831 0.000234 0.006772 0.000185 0.000262 0.000631 0.000388 0.000054 0.000064 0.000000 0.000000 0.000000 0.000433 0.192989 0.203180 0.004295 0.000734 0.000025 0.000066 0.000000 0.000000 0.000232 0.004026 0.000090 0.000974 0.000197 0.034937 0.000223 0.000146 0.000262 0.000018 0.000010 0.000000 0.000015 0.000018 0.000057 0.000291 0.000526 0.000000 0.000000 0.000119 0.000060 0.000000 0.000000 0.010914 0.000000 0.000017 0.000000 0.000030 0.000000 0.000446 0.000000 0.000068 0.000002 0.000006 0.003302 0.000145 0.000000 0.000000 0.000000 0.001787 0.103523 0.000088
0.000742 0.000731 0.000814 0.003290 0.000197 0.000051 0.000052 0.000029 0.000000 0.000031 0.000084 0.003431 0.000839 0.019787 0.001131 0.001384 0.002950 0.001596 0.026788 0.019911 0.000019 0.000038 0.000282 0.002753 0.215910 0.073181 0.238274 0.012347 0.003801 0.000698 0.000013 0.000031 0.000156 0.005032 0.001587 0.000314 0.014225 0.025142 0.001074 0.001141 0.000409 0.000199 0.000625 0.000032 0.001442 0.000077 0.000274 0.004540 0.001586 0.000477 0.000000 0.002892 0.000184 0.000065 0.010914 0.000000 0.005334 0.083016 0.011285 0.002494 0.000053 0.003395 0.000267 0.000529 0.000098 0.000077 0.088392 0.001580 0.000075 0.000015 0.000009 0.013769 0.032674 0.000078
0.002392 0.058817 0.000440 0.000021 0.000775 0.000028 0.000013 0.000000 0.000000 0.000062 0.000261 0.000150 0.000118 0.000150 0.000206 0.000802 0.000070 0.000285 0.314502 0.014732 0.005562 0.000157 0.001634 0.002459 0.006530 0.000098 0.027464 0.000100 0.000271 0.001331 0.000069 0.000160 0.000009 0.013913 0.001699 0.000082 0.016445 0.013419 0.000079 0.000050 0.000013 0.035215 0.005407 0.000100 0.000104 0.000063 0.000268 0.000834 0.000026 0.009029 0.000101 0.000065 0.000320 0.000023 0.000000 0.005334 0.000000 0.040549 0.006268 0.005835 0.001943 0.000406 0.001265 0.002208 0.000689 0.000052 0.000044 0.000157 0.000067 0.000016 0.000004 0.002840 0.028789 0.000029
0.001516 0.022077 0.000800 0.000047 0.000505 0.000065 0.000025 0.000008 0.000009 0.000536 0.001786 0.000290 0.000202 0.000422 0.000428 0.001832 0.000203 0.000566 0.185284 0.143859 0.001666 0.000650 0.002389 0.001891 0.026360 0.000165 0.068867 0.000238 0.000515 0.002545 0.000078 0.000283 0.000046 0.014178 0.003272 0.000207 0.014480 0.009397 0.000113 0.000112 0.000031 0.004191 0.004662 0.001028 0.000176 0.000113 0.000329 0.002111 0.000088 0.007532 0.000262 0.000207 0.000215 0.000100 0.000017 0.083016 0.040549 0.000000 0.007845 0.008915 0.001211 0.000817 0.001427 0.001484 0.001221 0.000415 0.000143 0.000256 0.000050 0.000054 0.000031 0.003929 0.008225 0.000040
0.002015 0.052939 0.000680 0.000030 0.000117 0.000038 0.000008 0.000010 0.000000 0.000098 0.000375 0.000232 0.000074 0.000603 0.000418 0.001412 0.000333 0.000680 0.112909 0.010906 0.050761 0.000142 0.001328 0.002739 0.040663 0.000066 0.028463 0.000199 0.000630 0.003346 0.000081 0.000179 0.000011 0.009860 0.001030 0.000018 0.072910 0.058577 0.000012 0.000072 0.000008 0.000926 0.016313 0.000223 0.000125 0.000038 0.000090 0.001032 0.000082 0.021043 0.000056 0.000632 0.000085 0.000066 0.000000 0.011285 0.006268 0.007845 0.000000 0.081985 0.000512 0.000281 0.002635 0.001583 0.002327 0.000151 0.000101 0.000532 0.000000 0.000044 0.000000 0.001075 0.090371 0.000000
0.002904 0.029060 0.002488 0.000135 0.000102 0.000083 0.000020 0.000041 0.000015 0.000315 0.000454 0.000231 0.000147 0.000373 0.000109 0.000300 0.000673 0.001279 0.010424 0.014196 0.132405 0.000193 0.005387 0.004364 0.003982 0.000190 0.012456 0.001368 0.000557 0.004568 0.000191 0.000758 0.000013 0.008237 0.000981 0.000150 0.229799 0.013371 0.000118 0.000212 0.000013 0.001326 0.034652 0.000210 0.000228 0.000910 0.000083 0.000840 0.000143 0.147106 0.000045 0.000121 0.000052 0.000013 0.000030 0.002494 0.005835 0.008915 0.081985 0.000000 0.003398 0.000405 0.006134 0.002413 0.002864 0.000132 0.000968 0.000185 0.000032 0.000095 0.000061 0.007884 0.002253 0.000036
