0.000000 0.103915 0.023162 0.175283 0.030882 0.069416 0.028029 0.035279 0.020387 0.005407 0.148267 0.054091 0.054193 0.039521 0.088032 0.040518 0.165678 0.015174 0.030066 0.016757 0.071328 0.019842 0.028802 0.186120 0.072150 0.019757 0.009799 0.087432 0.022588 0.100904 0.102484 0.034506 0.187303 0.008782 0.080848 0.141056 0.060306 0.039644 0.049992 0.039066 0.040451 0.028284 0.044399 0.170193 0.060549 0.060247 0.058711 0.009982 0.064364 0.010679 0.029257 0.016356 0.024234 0.008294 0.033525 0.001713 0.017739 0.006945 0.011990 0.008849 0.012511 0.084228 0.103777 0.062301 0.073641 0.058999 0.166675 0.015396 0.016995 0.030857 0.017151 0.025680 0.044137 0.040253 0.040780 0.402962 0.014354 0.003443 0.033899 0.003434 0.024934 0.009336 0.031206 0.022596 0.001631 0.013059 0.015890 0.011022 0.018557 0.026388 0.008294 0.049680 0.005180 0.002905 0.002671 0.013892 0.003234 0.002335 0.001301 0.008607 0.009232 0.005018 0.031168 0.005523 0.006921 0.056351 0.002681 0.005308 0.014650 0.013632 0.002899 0.013606 0.013070 0.024504 0.006354 0.023300 0.009892 0.008646 0.005932 0.007601 0.003044 0.020454 0.001211 0.010589 0.003113 0.001334 0.001095 0.005999 0.003560 0.004505 0.000810 0.008250 0.000396 0.005010 0.000720 0.004565 0.001615 0.049791 0.001219 0.003219 0.015337 0.047375 0.002368 0.005296 0.005678 0.001963 0.016748 0.008623 0.009531 0.024790
0.103915 0.000000 0.000420 0.000281 0.000115 0.292209 0.004797 0.009057 0.003719 0.000409 0.000403 0.000111 0.000432 0.000441 0.001197 0.052214 0.044775 0.001746 0.011310 0.000212 0.000760 0.000232 0.002742 0.005481 0.118649 0.000229 0.000203 0.000429 0.000148 0.000302 0.001764 0.056292 0.018841 0.000033 0.002107 0.006822 0.000216 0.000772 0.002228 0.000284 0.000273 0.000179 0.001009 0.000168 0.000281 0.000165 0.003744 0.001507 0.002333 0.000081 0.000023 0.001936 0.001589 0.039851 0.001490 0.000031 0.000057 0.000259 0.000120 0.000048 0.000418 0.001684 0.001677 0.007203 0.032384 0.000155 0.008338 0.000118 0.000081 0.000106 0.006189 0.000801 0.000947 0.000704 0.000042 0.039400 0.000002 0.000000 0.000000 0.000000 0.000000 0.000000 0.000000 0.000000 0.000000 0.000000 0.000000 0.000000 0.000000 0.000000 0.000000 0.000000 0.000000 0.000000 0.000000 0.000000 0.000000 0.000000 0.000000 0.000000 0.000000 0.000000 0.000000 0.000000 0.000000 0.000000 0.000000 0.000000 0.000000 0.000000 0.000000 0.000000 0.000000 0.000000 0.000000 0.000000 0.000000 0.000000 0.000000 0.000000 0.000000 0.000000 0.000000 0.000000 0.000000 0.000000 0.000000 0.000000 0.000000 0.000000 0.000000 0.000000 0.000000 0.000000 0.000000 0.000000 0.000000 0.000000 0.000000 0.000000 0.000000 0.000000 0.000000 0.000000 0.000000 0.000003 0.000000 0.000000 0.000000 0.000000
0.023162 0.000420 0.000000 0.000027 0.000005 0.000234 0.000015 0.000023 0.000002 0.000009 0.001195 0.000646 0.000016 0.000059 0.000236 0.000149 0.000294 0.000055 0.000108 0.160669 0.022003 0.115406 0.042643 0.000557 0.000558 0.000060 0.000009 0.000588 0.000019 0.000105 0.000250 0.000013 0.000013 0.000006 0.009234 0.000579 0.000006 0.010678 0.002247 0.000097 0.000007 0.000005 0.244731 0.004242 0.002870 0.000021 0.000000 0.000072 0.001346 0.000010 0.005662 0.109758 0.000021 0.000001 0.000017 0.000005 0.000027 0.099040 0.001205 0.084264 0.018938 0.010491 0.000222 0.000020 0.000297 0.000939 0.000180 0.000007 0.000002 0.000018 0.000000 0.000004 0.014638 0.002917 0.000008 0.004505 0.000000 0.000000 0.000000 0.000000 0.000000 0.000000 0.000000 0.000000 0.000000 0.000000 0.000000 0.000000 0.000000 0.000000 0.000000 0.000000 0.000000 0.000000 0.000000 0.000000 0.000002 0.000000 0.000002 0.000000 0.000000 0.000000 0.000000 0.000000 0.000000 0.000000 0.000000 0.000000 0.000000 0.000000 0.000000 0.000000 0.000000 0.000000 0.000000 0.000000 0.000000 0.000004 0.000000 0.000000 0.000000 0.000000 0.000000 0.000000 0.000000 0.000000 0.000002 0.000000 0.000000 0.000000 0.000000 0.000000 0.000000 0.000000 0.000000 0.000000 0.000000 0.000000 0.000000 0.000000 0.000000 0.000000 0.000000 0.000000 0.000000 0.000000 0.000000 0.000000 0.000000 0.000000
0.175283 0.000281 0.000027 0.000000 0.007068 0.000144 0.001022 0.000663 0.057625 0.005639 0.000064 0.000008 0.000552 0.000540 0.001008 0.000584 0.093892 0.002747 0.003218 0.000075 0.000278 0.000023 0.000057 0.000000 0.000297 0.000470 0.001733 0.030365 0.048107 0.045873 0.040967 0.000031 0.000010 0.000635 0.001068 0.000169 0.002927 0.000047 0.000539 0.000750 0.000307 0.003299 0.000111 0.000016 0.000007 0.040903 0.131682 0.000187 0.001853 0.001107 0.000003 0.000014 0.000313 0.000025 0.000407 0.000146 0.001858 0.000011 0.000062 0.000014 0.000036 0.000013 0.000293 0.000007 0.000191 0.000142 0.017584 0.018536 0.000203 0.000385 0.000068 0.001070 0.000066 0.000506 0.002292 0.052036 0.000000 0.000000 0.000075 0.000000 0.000000 0.000000 0.000000 0.000035 0.000036 0.000000 0.000000 0.000000 0.000000 0.000000 0.000000 0.000077 0.000000 0.000000 0.000000 0.000000 0.000000 0.000000 0.000000 0.000000 0.000000 0.000000 0.000062 0.000000 0.000000 0.002498 0.000000 0.000000 0.000000 0.000000 0.000000 0.000000 0.000000 0.000000 0.000000 0.000000 0.000000 0.000000 0.000000 0.000000 0.000000 0.000132 0.000000 0.000000 0.000000 0.000000 0.000000 0.000000 0.000000 0.000000 0.000000 0.000000 0.000000 0.000000 0.000000 0.000000 0.000000 0.000000 0.000000 0.000000 0.000000 0.000000 0.000000 0.000000 0.000000 0.000000 0.000535 0.000000 0.000000 0.000000
0.030882 0.000115 0.000005 0.007068 0.000000 0.000036 0.000031 0.000040 0.000020 0.000178 0.000089 0.000003 0.082418 0.000527 0.001720 0.001662 0.007754 0.120929 0.032049 0.000162 0.000232 0.000020 0.000098 0.000002 0.000608 0.003797 0.105138 0.011784 0.108331 0.049996 0.002070 0.000005 0.000005 0.007966 0.009740 0.000073 0.033133 0.000150 0.008811 0.000550 0.000344 0.076360 0.000196 0.000010 0.000015 0.038863 0.000114 0.000290 0.022558 0.119992 0.000000 0.000004 0.000818 0.000003 0.000539 0.000377 0.003726 0.000012 0.000070 0.000017 0.000067 0.000000 0.000448 0.000003 0.000018 0.000077 0.000858 0.020963 0.006779 0.000997 0.000000 0.000061 0.000656 0.011424 0.009229 0.012241 0.000000 0.000000 0.000000 0.000000 0.000000 0.000000 0.000000 0.000000 0.000000 0.000000 0.000000 0.000000 0.000000 0.000000 0.000000 0.000000 0.000000 0.000000 0.000000 0.000000 0.000000 0.000000 0.000000 0.000000 0.000000 0.000000 0.000000 0.000000 0.000000 0.000000 0.000000 0.000000 0.000000 0.000000 0.000000 0.000000 0.000000 0.000000 0.000000 0.000000 0.000000 0.000000 0.000000 0.000000 0.000000 0.000000 0.000000 0.000000 0.000000 0.000000 0.000000 0.000000 0.000000 0.000000 0.000000 0.000000 0.000000 0.000000 0.000000 0.000000 0.000000 0.000000 0.000000 0.000000 0.000000 0.000000 0.000000 0.000000 0.000000 0.000000 0.000000 0.000000 0.000000 0.000000
0.069416 0.292209 0.000234 0.000144 0.000036 0.000000 0.009025 0.002183 0.001519 0.000084 0.000242 0.000067 0.000445 0.000189 0.002130 0.074490 0.140695 0.000133 0.000542 0.000088 0.000382 0.000136 0.001116 0.001210 0.005874 0.000037 0.000018 0.000224 0.000075 0.000190 0.000680 0.057062 0.003705 0.000019 0.000547 0.000957 0.000041 0.000253 0.000888 0.000156 0.000366 0.000037 0.000448 0.000018 0.000135 0.000090 0.002021 0.000266 0.000746 0.000069 0.000008 0.001096 0.001226 0.058803 0.006730 0.000000 0.000026 0.000124 0.000053 0.000032 0.000226 0.001022 0.001024 0.000676 0.003760 0.000107 0.009208 0.000037 0.000028 0.000054 0.036730 0.000244 0.000311 0.000256 0.000021 0.035360 0.000004 0.000000 0.000000 0.000000 0.000200 0.000058 0.000000 0.000000 0.000000 0.000000 0.000000 0.000000 0.000000 0.000000 0.000000 0.000190 0.000000 0.000000 0.000000 0.000000 0.000000 0.000000 0.000000 0.000000 0.000000 0.000000 0.000000 0.000000 0.000000 0.000000 0.000000 0.000000 0.000000 0.000000 0.000000 0.000000 0.000000 0.000000 0.000000 0.000000 0.000000 0.000000 0.000000 0.000000 0.000000 0.000000 0.000000 0.000000 0.000000 0.000000 0.000000 0.000000 0.000000 0.000000 0.000000 0.000000 0.000000 0.000000 0.000000 0.000000 0.000000 0.000000 0.000000 0.000000 0.000000 0.000000 0.000000 0.000000 0.000000 0.000000 0.000000 0.000000 0.000000 0.000000
0.028029 0.004797 0.000015 0.001022 0.000031 0.009025 0.000000 0.145115 0.011595 0.020131 0.006225 0.000006 0.000030 0.000042 0.000715 0.000481 0.214998 0.000651 0.005056 0.000013 0.000028 0.000009 0.000074 0.000221 0.008369 0.000103 0.000134 0.000103 0.000009 0.000093 0.007321 0.022064 0.036716 0.000019 0.000218 0.000349 0.000426 0.000025 0.000129 0.000020 0.000010 0.000176 0.000027 0.000008 0.000060 0.000022 0.003354 0.002886 0.000108 0.000019 0.000005 0.000079 0.000055 0.000010 0.000022 0.000034 0.000034 0.000004 0.000015 0.000009 0.000021 0.000042 0.002541 0.009995 0.000503 0.000150 0.156677 0.000007 0.000001 0.000006 0.180368 0.005377 0.000031 0.000085 0.000160 0.010425 0.000015 0.000000 0.000000 0.000000 0.000367 0.019684 0.000635 0.000020 0.000003 0.000000 0.000000 0.000000 0.000000 0.000000 0.000000 0.002227 0.000001 0.000003 0.000000 0.000000 0.000000 0.000000 0.000004 0.000123 0.000000 0.000000 0.000000 0.000000 0.000000 0.000000 0.001311 0.002916 0.000000 0.000000 0.000015 0.000000 0.000000 0.000000 0.000000 0.000000 0.000000 0.000000 0.000000 0.000000 0.000000 0.000000 0.000000 0.000000 0.000000 0.000000 0.000000 0.000000 0.000000 0.000000 0.000000 0.000000 0.000000 0.000000 0.000000 0.000000 0.000000 0.000000 0.000308 0.000002 0.000000 0.013615 0.000000 0.000000 0.000000 0.002861 0.000000 0.000000 0.000000 0.000000
0.035279 0.009057 0.000023 0.000663 0.000040 0.002183 0.145115 0.000000 0.106490 0.018593 0.004260 0.000009 0.000188 0.000121 0.002947 0.004112 0.212567 0.000079 0.000163 0.000030 0.000083 0.000015 0.000108 0.000020 0.004985 0.000025 0.000034 0.000234 0.000020 0.000106 0.019027 0.002083 0.001010 0.000009 0.000106 0.000040 0.000164 0.000021 0.000118 0.000056 0.000049 0.000076 0.000111 0.000009 0.000108 0.000042 0.005040 0.000109 0.000212 0.000018 0.000003 0.000063 0.000350 0.000056 0.000138 0.000000 0.000010 0.000011 0.000004 0.000003 0.000026 0.000039 0.007917 0.000527 0.000140 0.000095 0.078014 0.000014 0.000044 0.000020 0.002503 0.011351 0.000042 0.000074 0.000046 0.011654 0.000000 0.000000 0.000000 0.000000 0.000000 0.000363 0.001165 0.000871 0.000116 0.000000 0.000000 0.000000 0.000000 0.000000 0.000000 0.000256 0.000000 0.000000 0.000000 0.000000 0.000000 0.000000 0.000000 0.000000 0.000000 0.000000 0.000000 0.000000 0.000000 0.000000 0.000000 0.000000 0.000000 0.000000 0.000000 0.000000 0.000000 0.000000 0.000000 0.000000 0.000000 0.000000 0.000000 0.000000 0.000000 0.000000 0.000000 0.000000 0.000000 0.000000 0.000000 0.000000 0.000000 0.000000 0.000000 0.000000 0.000000 0.000000 0.000000 0.000000 0.000000 0.000000 0.000000 0.000000 0.000000 0.002187 0.000000 0.000000 0.000000 0.000000 0.000000 0.000000 0.000000 0.000000
0.020387 0.003719 0.000002 0.057625 0.000020 0.001519 0.011595 0.106490 0.000000 0.108033 0.000679 0.000002 0.000095 0.000045 0.000196 0.002502 0.122948 0.000017 0.000046 0.000006 0.000008 0.000000 0.000008 0.000002 0.000255 0.000026 0.000086 0.000352 0.000082 0.000198 0.033446 0.000615 0.000063 0.000009 0.000069 0.000003 0.000491 0.000010 0.000056 0.000020 0.000026 0.000230 0.000010 0.000002 0.000017 0.000014 0.132657 0.000022 0.000040 0.000013 0.000000 0.000004 0.000063 0.000048 0.000105 0.000000 0.000021 0.000000 0.000002 0.000000 0.000004 0.000000 0.000178 0.000083 0.000015 0.000034 0.064443 0.000004 0.000042 0.000115 0.000547 0.010926 0.000025 0.000044 0.000109 0.006431 0.000000 0.000000 0.000000 0.000000 0.000000 0.000011 0.001468 0.004551 0.007828 0.000008 0.000000 0.000000 0.000000 0.000000 0.000000 0.000026 0.000000 0.000000 0.000000 0.000000 0.000000 0.000000 0.000000 0.000000 0.000000 0.000000 0.000000 0.000000 0.000000 0.000139 0.000000 0.000000 0.000000 0.000000 0.000000 0.000000 0.000000 0.000000 0.000000 0.000000 0.000000 0.000000 0.000000 0.000000 0.000000 0.000261 0.000000 0.000000 0.000000 0.000000 0.000000 0.000000 0.000000 0.000000 0.000000 0.000000 0.000000 0.000000 0.000000 0.000000 0.000000 0.000000 0.000000 0.000000 0.000000 0.004910 0.000000 0.000000 0.000000 0.000000 0.000127 0.000000 0.000000 0.000000
0.005407 0.000409 0.000009 0.005639 0.000178 0.000084 0.020131 0.018593 0.108033 0.000000 0.022511 0.000018 0.000103 0.000263 0.000515 0.000403 0.006107 0.000381 0.000153 0.000158 0.000052 0.000028 0.000008 0.000026 0.000178 0.000626 0.001474 0.005834 0.000075 0.000228 0.171879 0.000066 0.000069 0.000563 0.001459 0.000076 0.006104 0.000164 0.001044 0.000300 0.000084 0.003182 0.000028 0.000074 0.000735 0.000066 0.084215 0.000042 0.000635 0.000074 0.000008 0.000018 0.000096 0.000021 0.000084 0.000216 0.000540 0.000042 0.000034 0.000076 0.000098 0.000014 0.000261 0.000034 0.000034 0.000654 0.101898 0.000023 0.000013 0.000080 0.000108 0.132682 0.000317 0.000692 0.001661 0.003293 0.000000 0.000000 0.000000 0.000000 0.000000 0.000000 0.000003 0.001464 0.103827 0.017711 0.000000 0.000000 0.000000 0.000000 0.000000 0.000007 0.000000 0.000000 0.000000 0.000000 0.000000 0.000000 0.000006 0.000000 0.000000 0.000000 0.000000 0.000000 0.000000 0.006438 0.000000 0.000000 0.000000 0.000000 0.000000 0.000000 0.000000 0.000000 0.000000 0.000000 0.000000 0.000000 0.000000 0.000001 0.000000 0.000113 0.000000 0.000000 0.000000 0.000000 0.000000 0.000000 0.000000 0.000000 0.000000 0.000000 0.000000 0.000000 0.000000 0.000000 0.000000 0.000000 0.000000 0.000000 0.000000 0.020927 0.000000 0.000000 0.000000 0.000000 0.007929 0.000000 0.000000 0.000000
0.148267 0.000403 0.001195 0.000064 0.000089 0.000242 0.006225 0.004260 0.000679 0.022511 0.000000 0.019748 0.000116 0.000105 0.000318 0.000342 0.008162 0.000247 0.000152 0.001575 0.011175 0.000615 0.011203 0.020745 0.000316 0.000444 0.000377 0.003821 0.000031 0.000133 0.038431 0.000032 0.000012 0.000087 0.003409 0.000296 0.000227 0.000507 0.002536 0.000117 0.000032 0.000044 0.001322 0.007305 0.092250 0.000040 0.000114 0.000044 0.000812 0.000083 0.000044 0.001791 0.000063 0.000001 0.000042 0.000097 0.000211 0.000367 0.002464 0.000280 0.000349 0.004525 0.000172 0.000008 0.000057 0.013406 0.137210 0.000008 0.000007 0.000065 0.000022 0.000350 0.001013 0.002019 0.000130 0.008389 0.000000 0.000000 0.000000 0.000000 0.000000 0.000000 0.000000 0.000000 0.000183 0.042195 0.000000 0.000000 0.000000 0.000000 0.000000 0.000000 0.000000 0.000000 0.000000 0.000000 0.000000 0.000004 0.002167 0.000000 0.000000 0.000000 0.000000 0.000000 0.000000 0.000081 0.000000 0.000000 0.000000 0.000000 0.000000 0.000000 0.000000 0.000000 0.000000 0.000000 0.000000 0.000000 0.000000 0.000006 0.000000 0.000000 0.000000 0.000000 0.000000 0.000000 0.000000 0.000000 0.000000 0.000000 0.000000 0.000000 0.000000 0.000000 0.000000 0.000000 0.000000 0.000000 0.000000 0.000000 0.000000 0.062658 0.000000 0.000000 0.000000 0.000000 0.000000 0.000000 0.000000 0.000000
0.054091 0.000111 0.000646 0.000008 0.000003 0.000067 0.000006 0.000009 0.000002 0.000018 0.019748 0.000000 0.000005 0.000035 0.000079 0.000109 0.000176 0.000056 0.000063 0.000894 0.215692 0.000364 0.040987 0.000068 0.000184 0.000071 0.000013 0.002582 0.000008 0.000145 0.048275 0.000003 0.000005 0.000000 0.001264 0.000182 0.000011 0.000547 0.000612 0.000012 0.000000 0.000002 0.034340 0.000062 0.307984 0.000006 0.000000 0.000024 0.000474 0.000004 0.000060 0.000783 0.000020 0.000000 0.000027 0.000005 0.000549 0.000188 0.001013 0.000031 0.000230 0.002518 0.000082 0.000002 0.000038 0.192790 0.008811 0.000001 0.000000 0.000021 0.000000 0.000009 0.000587 0.001226 0.000013 0.011888 0.000000 0.000007 0.000000 0.000000 0.000000 0.000000 0.000000 0.000000 0.000190 0.000000 0.000091 0.000000 0.000000 0.000000 0.000000 0.000000 0.000000 0.000000 0.000000 0.000003 0.000002 0.001277 0.000000 0.000000 0.000000 0.000000 0.000000 0.000000 0.000000 0.000605 0.000000 0.000000 0.000000 0.000000 0.000000 0.000000 0.000000 0.000000 0.000000 0.000000 0.000000 0.000026 0.000000 0.000034 0.000000 0.000000 0.000000 0.000000 0.000000 0.000000 0.000010 0.000000 0.000000 0.000000 0.000000 0.000000 0.000000 0.000000 0.000000 0.000000 0.000009 0.000000 0.000000 0.000000 0.000000 0.000000 0.000000 0.000000 0.000000 0.000000 0.000749 0.000000 0.000000 0.000000
0.054193 0.000432 0.000016 0.000552 0.082418 0.000445 0.000030 0.000188 0.000095 0.000103 0.000116 0.000005 0.000000 0.027043 0.060354 0.024302 0.058375 0.005371 0.038425 0.000114 0.000289 0.000025 0.000102 0.000002 0.003456 0.012585 0.003337 0.002351 0.003203 0.006199 0.001621 0.000038 0.000018 0.009138 0.008141 0.000116 0.002622 0.000036 0.001588 0.006052 0.114668 0.005885 0.000203 0.000014 0.000017 0.002005 0.000708 0.000919 0.005138 0.241539 0.000003 0.000004 0.084236 0.000385 0.020549 0.000562 0.004214 0.000011 0.000090 0.000023 0.000038 0.000004 0.000978 0.000000 0.000159 0.000064 0.000531 0.001652 0.077104 0.002952 0.000011 0.000547 0.000124 0.005645 0.000473 0.035959 0.000000 0.000000 0.000000 0.000000 0.000000 0.000000 0.000000 0.000000 0.000000 0.000000 0.000000 0.000000 0.000000 0.000000 0.000000 0.000000 0.000000 0.000000 0.000000 0.000000 0.000000 0.000000 0.000000 0.000000 0.000000 0.000000 0.000000 0.000000 0.000000 0.000000 0.000000 0.000000 0.000000 0.000000 0.000000 0.000000 0.000000 0.000000 0.000000 0.000000 0.000000 0.000000 0.000000 0.000000 0.000000 0.000000 0.000000 0.000000 0.000000 0.000000 0.000000 0.000000 0.000000 0.000000 0.000000 0.000000 0.000000 0.000000 0.000000 0.000000 0.000000 0.000000 0.000000 0.000000 0.000000 0.000000 0.000000 0.000000 0.000000 0.000000 0.000000 0.000000 0.000000 0.000000
0.039521 0.000441 0.000059 0.000540 0.000527 0.000189 0.000042 0.000121 0.000045 0.000263 0.000105 0.000035 0.027043 0.000000 0.031689 0.001328 0.003734 0.002013 0.033169 0.000224 0.000953 0.000031 0.001347 0.000000 0.141702 0.000155 0.000791 0.001586 0.000650 0.001898 0.001349 0.000034 0.000027 0.000019 0.001286 0.000287 0.000340 0.000118 0.001296 0.218260 0.006394 0.000158 0.001451 0.000000 0.000077 0.000421 0.000015 0.212158 0.002738 0.016928 0.000000 0.000000 0.000849 0.000008 0.000328 0.000020 0.000077 0.000045 0.000224 0.000013 0.000033 0.000024 0.022232 0.000000 0.001248 0.000087 0.000292 0.000713 0.000067 0.000102 0.000000 0.000046 0.000236 0.001234 0.000004 0.008944 0.000000 0.000000 0.000000 0.000000 0.000000 0.000000 0.000000 0.000000 0.000000 0.000000 0.000000 0.000000 0.000000 0.000000 0.000000 0.000000 0.000000 0.000000 0.000000 0.000000 0.000000 0.000000 0.000000 0.000000 0.000000 0.000000 0.000000 0.000000 0.000000 0.000000 0.000000 0.000000 0.000000 0.000000 0.000000 0.000000 0.000000 0.000000 0.000000 0.000000 0.000000 0.000000 0.000000 0.000000 0.000000 0.000000 0.000000 0.000000 0.000000 0.000000 0.000000 0.000000 0.000000 0.000000 0.000000 0.000000 0.000000 0.000000 0.000000 0.000000 0.000000 0.000000 0.000000 0.000000 0.000000 0.000000 0.000000 0.000000 0.000000 0.000000 0.000000 0.000000 0.000000 0.000000
0.088032 0.001197 0.000236 0.001008 0.001720 0.002130 0.000715 0.002947 0.000196 0.000515 0.000318 0.000079 0.060354 0.031689 0.000000 0.019880 0.042853 0.003034 0.021041 0.000275 0.001149 0.000147 0.001779 0.000019 0.008946 0.002621 0.001878 0.002083 0.001558 0.003264 0.002019 0.000074 0.000070 0.000252 0.001486 0.000431 0.001301 0.000208 0.001726 0.180099 0.159451 0.001511 0.001365 0.000037 0.000229 0.001803 0.000205 0.004482 0.003367 0.061150 0.000021 0.000223 0.155775 0.002941 0.010946 0.000118 0.000738 0.000096 0.000228 0.000048 0.000126 0.000195 0.091283 0.000006 0.000144 0.000278 0.001844 0.000809 0.000371 0.001092 0.000046 0.000195 0.000397 0.002140 0.000225 0.032341 0.000000 0.000000 0.000000 0.000000 0.000000 0.000000 0.000000 0.000000 0.000000 0.000000 0.000000 0.000000 0.000000 0.000000 0.000000 0.000000 0.000000 0.000000 0.000000 0.000000 0.000000 0.000000 0.000000 0.000000 0.000000 0.000000 0.000000 0.000000 0.000000 0.000000 0.000000 0.000000 0.000000 0.000000 0.000000 0.000000 0.000000 0.000000 0.000000 0.000000 0.000000 0.000000 0.000000 0.000000 0.000000 0.000000 0.000000 0.000000 0.000000 0.000000 0.000000 0.000000 0.000000 0.000000 0.000000 0.000000 0.000000 0.000000 0.000000 0.000000 0.000000 0.000000 0.000000 0.000000 0.000000 0.000000 0.000000 0.000000 0.000000 0.000000 0.000000 0.000000 0.000000 0.000000
0.040518 0.052214 0.000149 0.000584 0.001662 0.074490 0.000481 0.004112 0.002502 0.000403 0.000342 0.000109 0.024302 0.001328 0.019880 0.000000 0.099752 0.001960 0.002961 0.001683 0.000854 0.000160 0.000451 0.000040 0.015190 0.034484 0.003322 0.008788 0.005315 0.051059 0.001984 0.000122 0.000028 0.000186 0.000965 0.000277 0.000980 0.000314 0.003474 0.001351 0.004731 0.000635 0.000482 0.000032 0.000171 0.006686 0.003542 0.000784 0.001649 0.001719 0.000014 0.000222 0.287494 0.473479 0.230361 0.000465 0.010676 0.000121 0.000286 0.000154 0.000212 0.000130 0.091190 0.000022 0.000416 0.000593 0.001170 0.002587 0.148587 0.166143 0.000091 0.001143 0.000548 0.011821 0.000542 0.022917 0.000000 0.000000 0.000000 0.000000 0.000000 0.000000 0.000000 0.000000 0.000000 0.000000 0.000000 0.000000 0.000000 0.000000 0.000000 0.000000 0.000000 0.000000 0.000000 0.000000 0.000000 0.000000 0.000000 0.000000 0.000000 0.000000 0.000000 0.000000 0.000000 0.000000 0.000000 0.000000 0.000000 0.000000 0.000000 0.000000 0.000000 0.000000 0.000000 0.000000 0.000000 0.000000 0.000000 0.000000 0.000000 0.000000 0.000000 0.000000 0.000000 0.000000 0.000000 0.000000 0.000000 0.000000 0.000000 0.000000 0.000000 0.000000 0.000000 0.000000 0.000000 0.000000 0.000000 0.000000 0.000000 0.000000 0.000000 0.000000 0.000000 0.000000 0.000000 0.000000 0.000000 0.000000
0.165678 0.044775 0.000294 0.093892 0.007754 0.140695 0.214998 0.212567 0.122948 0.006107 0.008162 0.000176 0.058375 0.003734 0.042853 0.099752 0.000000 0.003920 0.008992 0.000290 0.001526 0.000246 0.000796 0.000454 0.013312 0.001701 0.000495 0.004617 0.002944 0.027757 0.013827 0.016400 0.000456 0.000464 0.001326 0.000572 0.001277 0.000154 0.001712 0.004573 0.025524 0.001964 0.000908 0.000040 0.000367 0.004468 0.031258 0.002280 0.003212 0.005579 0.000033 0.000539 0.023468 0.011552 0.243783 0.000114 0.002328 0.000114 0.000323 0.000144 0.000297 0.000461 0.028753 0.000955 0.001431 0.000938 0.056973 0.000820 0.026459 0.054093 0.057029 0.018905 0.000259 0.003338 0.000513 0.058764 0.000001 0.000000 0.000040 0.000000 0.000405 0.000750 0.000875 0.000309 0.000156 0.000000 0.000000 0.000000 0.000000 0.000000 0.000000 0.003232 0.000000 0.000000 0.000000 0.000000 0.000000 0.000000 0.000000 0.000000 0.000000 0.000000 0.000001 0.000000 0.000000 0.000053 0.000000 0.000000 0.000000 0.000000 0.000000 0.000000 0.000000 0.000000 0.000000 0.000000 0.000000 0.000000 0.000000 0.000000 0.000000 0.000174 0.000000 0.000000 0.000000 0.000000 0.000000 0.000000 0.000000 0.000000 0.000000 0.000000 0.000000 0.000000 0.000000 0.000000 0.000000 0.000000 0.000000 0.000000 0.000000 0.000180 0.000000 0.000000 0.000000 0.000000 0.000072 0.000000 0.000000 0.000000
0.015174 0.001746 0.000055 0.002747 0.120929 0.000133 0.000651 0.000079 0.000017 0.000381 0.000247 0.000056 0.005371 0.002013 0.003034 0.001960 0.003920 0.000000 0.195914 0.000248 0.000756 0.000102 0.000325 0.013451 0.009148 0.002006 0.001524 0.014916 0.011706 0.010715 0.006433 0.000532 0.002180 0.007988 0.003508 0.058561 0.002504 0.000162 0.003413 0.001774 0.000798 0.024958 0.000747 0.000130 0.000048 0.008029 0.000128 0.007232 0.142163 0.072415 0.000003 0.000036 0.000722 0.000014 0.000486 0.000176 0.002267 0.000061 0.000211 0.000053 0.000168 0.000055 0.000994 0.004645 0.006687 0.000328 0.001252 0.003740 0.000165 0.000608 0.000066 0.000168 0.000321 0.003305 0.001120 0.003911 0.000000 0.000000 0.000000 0.000000 0.000000 0.000000 0.000000 0.000000 0.000000 0.000000 0.000000 0.000000 0.000000 0.000000 0.000000 0.000000 0.000000 0.000000 0.000000 0.000000 0.000000 0.000000 0.000000 0.000001 0.000000 0.000000 0.000000 0.000000 0.000000 0.000000 0.000000 0.000005 0.000000 0.000000 0.000000 0.000000 0.000000 0.000000 0.000000 0.000000 0.000000 0.000000 0.000000 0.000000 0.000000 0.000000 0.000000 0.000000 0.000000 0.000000 0.000000 0.000000 0.000000 0.000000 0.000000 0.000000 0.000000 0.000000 0.000000 0.000000 0.000000 0.000000 0.000000 0.000000 0.000000 0.000002 0.000000 0.000000 0.000000 0.000000 0.000000 0.000000 0.000000 0.000000
0.030066 0.011310 0.000108 0.003218 0.032049 0.000542 0.005056 0.000163 0.000046 0.000153 0.000152 0.000063 0.038425 0.033169 0.021041 0.002961 0.008992 0.195914 0.000000 0.000291 0.001200 0.000130 0.000506 0.052267 0.048104 0.000891 0.001817 0.004722 0.006023 0.017740 0.001606 0.002958 0.020178 0.000780 0.009111 0.056123 0.003665 0.000456 0.002693 0.024657 0.026035 0.004492 0.001037 0.000719 0.000057 0.006115 0.000089 0.187574 0.022657 0.173350 0.000023 0.000061 0.001534 0.000072 0.000933 0.000066 0.000483 0.000075 0.000242 0.000076 0.000068 0.000069 0.002880 0.047000 0.020688 0.000231 0.006387 0.000992 0.000237 0.001467 0.001586 0.000066 0.000400 0.004490 0.000430 0.005188 0.000000 0.000000 0.000000 0.000000 0.000000 0.000001 0.000000 0.000000 0.000000 0.000000 0.000000 0.000000 0.000000 0.000000 0.000000 0.000000 0.000000 0.000000 0.000000 0.000000 0.000000 0.000000 0.000000 0.000000 0.000000 0.000000 0.000000 0.000000 0.000000 0.000000 0.000000 0.000005 0.000000 0.000000 0.000000 0.000000 0.000000 0.000000 0.000000 0.000000 0.000000 0.000000 0.000000 0.000000 0.000000 0.000000 0.000000 0.000000 0.000000 0.000000 0.000000 0.000000 0.000000 0.000000 0.000000 0.000000 0.000000 0.000000 0.000000 0.000000 0.000000 0.000000 0.000000 0.000000 0.000000 0.000000 0.000000 0.000000 0.000000 0.000000 0.000000 0.000000 0.000000 0.000000
0.016757 0.000212 0.160669 0.000075 0.000162 0.000088 0.000013 0.000030 0.000006 0.000158 0.001575 0.000894 0.000114 0.000224 0.000275 0.001683 0.000290 0.000248 0.000291 0.000000 0.057737 0.022388 0.000268 0.000179 0.000332 0.041074 0.000446 0.052594 0.000129 0.001041 0.002531 0.000010 0.000009 0.000114 0.009067 0.000406 0.000285 0.014672 0.040090 0.000306 0.000066 0.000083 0.030148 0.002685 0.000596 0.000310 0.000008 0.000147 0.001852 0.000078 0.003308 0.000160 0.000082 0.000019 0.000178 0.000287 0.034423 0.349972 0.150155 0.158901 0.046716 0.001092 0.000154 0.000013 0.000227 0.007768 0.001454 0.000031 0.000052 0.000957 0.000000 0.000022 0.043514 0.061225 0.000102 0.006741 0.000000 0.000000 0.000000 0.000000 0.000000 0.000000 0.000000 0.000000 0.000000 0.000000 0.000000 0.000000 0.000000 0.000000 0.000000 0.000000 0.000000 0.000000 0.000000 0.000000 0.000000 0.000000 0.000000 0.000000 0.000000 0.000000 0.000000 0.000000 0.000000 0.000000 0.000000 0.000000 0.000000 0.000000 0.000000 0.000000 0.000000 0.000000 0.000000 0.000000 0.000000 0.000000 0.000000 0.000000 0.000000 0.000000 0.000000 0.000000 0.000000 0.000000 0.000000 0.000000 0.000000 0.000000 0.000000 0.000000 0.000000 0.000000 0.000000 0.000000 0.000000 0.000000 0.000000 0.000000 0.000000 0.000000 0.000000 0.000000 0.000000 0.000000 0.000000 0.000000 0.000000 0.000000
0.071328 0.000760 0.022003 0.000278 0.000232 0.000382 0.000028 0.000083 0.000008 0.000052 0.011175 0.215692 0.000289 0.000953 0.001149 0.000854 0.001526 0.000756 0.001200 0.057737 0.000000 0.012620 0.027520 0.000198 0.001393 0.001424 0.000149 0.039524 0.000195 0.001045 0.001727 0.000024 0.000051 0.000089 0.017636 0.002295 0.000118 0.012077 0.025853 0.000661 0.000242 0.000067 0.087109 0.001775 0.031366 0.000227 0.000005 0.000684 0.009876 0.000110 0.002522 0.001072 0.000237 0.000014 0.000284 0.000179 0.052222 0.022937 0.184870 0.008502 0.014411 0.002148 0.000798 0.000013 0.000824 0.066374 0.003573 0.000046 0.000041 0.000209 0.000001 0.000026 0.017207 0.033008 0.000102 0.022161 0.000000 0.000000 0.000000 0.000000 0.000000 0.000000 0.000000 0.000000 0.000000 0.000000 0.000007 0.000000 0.000000 0.000000 0.000000 0.000000 0.000000 0.000000 0.000000 0.000000 0.000000 0.000010 0.000000 0.000000 0.000000 0.000000 0.000000 0.000000 0.000000 0.000003 0.000000 0.000000 0.000000 0.000000 0.000000 0.000000 0.000000 0.000000 0.000000 0.000000 0.000000 0.000000 0.000000 0.000001 0.000000 0.000000 0.000000 0.000000 0.000000 0.000000 0.000000 0.000000 0.000000 0.000000 0.000000 0.000000 0.000000 0.000000 0.000000 0.000000 0.000000 0.000000 0.000000 0.000000 0.000000 0.000000 0.000000 0.000000 0.000000 0.000000 0.000000 0.000000 0.000000 0.000000
0.019842 0.000232 0.115406 0.000023 0.000020 0.000136 0.000009 0.000015 0.000000 0.000028 0.000615 0.000364 0.000025 0.000031 0.000147 0.000160 0.000246 0.000102 0.000130 0.022388 0.012620 0.000000 0.048866 0.063797 0.000245 0.001482 0.000054 0.001540 0.000028 0.000131 0.001102 0.000004 0.000012 0.000023 0.016821 0.000541 0.000039 0.028987 0.002398 0.000066 0.000005 0.000017 0.008349 0.021730 0.001198 0.000052 0.000000 0.000041 0.000671 0.000008 0.361732 0.051812 0.000039 0.000001 0.000033 0.000057 0.000113 0.024341 0.009941 0.038674 0.196074 0.169496 0.000095 0.000009 0.000136 0.005315 0.000374 0.000006 0.000011 0.000020 0.000003 0.000016 0.004640 0.002872 0.000022 0.003163 0.000000 0.000000 0.000000 0.000000 0.000000 0.000000 0.000000 0.000000 0.000000 0.000000 0.000000 0.000000 0.000000 0.000000 0.000000 0.000000 0.000000 0.000000 0.000000 0.000000 0.000026 0.000003 0.000001 0.000000 0.000000 0.000000 0.000000 0.000000 0.000000 0.000000 0.000000 0.000000 0.000000 0.000000 0.000000 0.000000 0.000000 0.000000 0.000000 0.000000 0.000000 0.000021 0.000000 0.000000 0.000000 0.000000 0.000000 0.000000 0.000000 0.000000 0.000004 0.000000 0.000000 0.000000 0.000000 0.000000 0.000000 0.000000 0.000000 0.000000 0.000000 0.000000 0.000000 0.000000 0.000000 0.000000 0.000000 0.000000 0.000000 0.000000 0.000000 0.000000 0.000000 0.000000
0.028802 0.002742 0.042643 0.000057 0.000098 0.001116 0.000074 0.000108 0.000008 0.000008 0.011203 0.040987 0.000102 0.001347 0.001779 0.000451 0.000796 0.000325 0.000506 0.000268 0.027520 0.048866 0.000000 0.014183 0.002557 0.000192 0.000046 0.000281 0.000095 0.000231 0.015958 0.000108 0.000108 0.000042 0.020925 0.003422 0.000016 0.009129 0.009871 0.001600 0.000238 0.000063 0.106761 0.003053 0.258560 0.000130 0.000020 0.001066 0.009990 0.000150 0.000368 0.204084 0.000160 0.000009 0.000089 0.000075 0.000038 0.000483 0.000154 0.000103 0.004705 0.252751 0.001332 0.000084 0.003425 0.000993 0.001114 0.000031 0.000016 0.000086 0.000016 0.000012 0.007864 0.012322 0.000025 0.002074 0.000000 0.000033 0.000000 0.000000 0.000000 0.000000 0.000000 0.000000 0.000036 0.000414 0.000644 0.000000 0.000000 0.000000 0.000000 0.000000 0.000000 0.000000 0.000000 0.000000 0.000233 0.004448 0.000003 0.000000 0.000000 0.000000 0.000000 0.000000 0.000000 0.002637 0.000000 0.000000 0.000000 0.000000 0.000000 0.000000 0.000000 0.000000 0.000000 0.000000 0.000000 0.000404 0.000000 0.000108 0.000000 0.000000 0.000000 0.000000 0.000000 0.000002 0.000472 0.000000 0.000000 0.000000 0.000000 0.000000 0.000000 0.000000 0.000000 0.000000 0.000048 0.000000 0.000000 0.000000 0.000016 0.000000 0.000000 0.000000 0.000000 0.000000 0.000233 0.000000 0.000000 0.000000
0.186120 0.005481 0.000557 0.000000 0.000002 0.001210 0.000221 0.000020 0.000002 0.000026 0.020745 0.000068 0.000002 0.000000 0.000019 0.000040 0.000454 0.013451 0.052267 0.000179 0.000198 0.063797 0.014183 0.000000 0.004443 0.000015 0.000008 0.000071 0.000000 0.000010 0.000693 0.000993 0.005053 0.000000 0.001414 0.070625 0.000005 0.002601 0.000274 0.000005 0.000000 0.000002 0.000291 0.188792 0.011224 0.000004 0.000002 0.000175 0.005698 0.000000 0.031865 0.000418 0.000005 0.000001 0.000005 0.000000 0.000003 0.000170 0.000041 0.000009 0.000046 0.105225 0.000096 0.013841 0.003465 0.000383 0.000326 0.000001 0.000000 0.000000 0.000086 0.000003 0.000167 0.000088 0.000004 0.000351 0.000000 0.000004 0.000000 0.000000 0.000000 0.000004 0.000000 0.000000 0.000000 0.000000 0.000000 0.000000 0.000000 0.000000 0.000000 0.000000 0.000000 0.000000 0.000000 0.000000 0.000000 0.000002 0.000007 0.000007 0.000000 0.000000 0.000000 0.000000 0.000000 0.000000 0.000006 0.000049 0.000000 0.000000 0.000000 0.000000 0.000000 0.000000 0.000000 0.000000 0.000000 0.000000 0.000000 0.000000 0.000000 0.000000 0.000000 0.000000 0.000000 0.000000 0.000000 0.000000 0.000000 0.000000 0.000000 0.000000 0.000000 0.000000 0.000000 0.000000 0.000000 0.000000 0.000002 0.000000 0.000000 0.000007 0.000000 0.000000 0.000000 0.000007 0.000000 0.000000 0.000000 0.000000
0.072150 0.118649 0.000558 0.000297 0.000608 0.005874 0.008369 0.004985 0.000255 0.000178 0.000316 0.000184 0.003456 0.141702 0.008946 0.015190 0.013312 0.009148 0.048104 0.000332 0.001393 0.000245 0.002557 0.004443 0.000000 0.000645 0.000782 0.000739 0.000466 0.000835 0.000657 0.081752 0.023484 0.000184 0.003668 0.017765 0.001212 0.000730 0.002707 0.021556 0.002648 0.001638 0.001999 0.001169 0.000338 0.000515 0.000222 0.194962 0.010040 0.006131 0.000046 0.001543 0.001139 0.000172 0.000448 0.000108 0.000189 0.000337 0.000171 0.000062 0.000375 0.001119 0.106885 0.193120 0.441738 0.000277 0.013387 0.000481 0.000139 0.000240 0.006504 0.000183 0.000962 0.001909 0.000166 0.022708 0.000000 0.000000 0.000000 0.000000 0.000000 0.000129 0.000000 0.000000 0.000000 0.000000 0.000000 0.000000 0.000000 0.000000 0.000000 0.000001 0.000000 0.000000 0.000000 0.000000 0.000000 0.000000 0.000000 0.000142 0.000000 0.000000 0.000000 0.000000 0.000000 0.000000 0.002453 0.000040 0.000000 0.000000 0.000000 0.000000 0.000000 0.000000 0.000000 0.000000 0.000000 0.000000 0.000000 0.000000 0.000000 0.000000 0.000000 0.000000 0.000000 0.000000 0.000000 0.000000 0.000000 0.000000 0.000000 0.000000 0.000000 0.000000 0.000000 0.000000 0.000000 0.000000 0.000701 0.000002 0.000000 0.000024 0.000000 0.000000 0.000000 0.000123 0.000000 0.000000 0.000000 0.000000
0.019757 0.000229 0.000060 0.000470 0.003797 0.000037 0.000103 0.000025 0.000026 0.000626 0.000444 0.000071 0.012585 0.000155 0.002621 0.034484 0.001701 0.002006 0.000891 0.041074 0.001424 0.001482 0.000192 0.000015 0.000645 0.000000 0.073933 0.046305 0.025837 0.037082 0.004557 0.000005 0.000001 0.000361 0.033861 0.000080 0.001340 0.002877 0.043192 0.000135 0.000081 0.001391 0.000109 0.000091 0.000073 0.030024 0.000039 0.000083 0.001424 0.000255 0.000007 0.000011 0.013859 0.000046 0.000246 0.216371 0.140356 0.000348 0.026713 0.004076 0.002900 0.000011 0.004458 0.000003 0.000049 0.000370 0.001593 0.016506 0.006756 0.004260 0.000000 0.000120 0.006398 0.206030 0.000312 0.009249 0.000000 0.000000 0.000000 0.000000 0.000000 0.000000 0.000000 0.000000 0.000000 0.000000 0.000000 0.000000 0.000000 0.000000 0.000000 0.000000 0.000000 0.000000 0.000000 0.000000 0.000000 0.000000 0.000000 0.000000 0.000000 0.000000 0.000000 0.000000 0.000000 0.000000 0.000000 0.000000 0.000000 0.000000 0.000000 0.000000 0.000000 0.000000 0.000000 0.000000 0.000000 0.000000 0.000000 0.000000 0.000000 0.000000 0.000000 0.000000 0.000000 0.000000 0.000000 0.000000 0.000000 0.000000 0.000000 0.000000 0.000000 0.000000 0.000000 0.000000 0.000000 0.000000 0.000000 0.000000 0.000000 0.000000 0.000000 0.000000 0.000000 0.000000 0.000000 0.000000 0.000000 0.000000
0.009799 0.000203 0.000009 0.001733 0.105138 0.000018 0.000134 0.000034 0.000086 0.001474 0.000377 0.000013 0.003337 0.000791 0.001878 0.003322 0.000495 0.001524 0.001817 0.000446 0.000149 0.000054 0.000046 0.000008 0.000782 0.073933 0.000000 0.118932 0.078412 0.023713 0.009374 0.000007 0.000004 0.001778 0.024011 0.000013 0.104360 0.000248 0.008891 0.000347 0.000173 0.111761 0.000059 0.000029 0.000037 0.016232 0.000183 0.000123 0.001599 0.001301 0.000003 0.000000 0.002058 0.000011 0.000135 0.192897 0.082673 0.000021 0.000057 0.000110 0.000150 0.000005 0.002531 0.000002 0.000007 0.000490 0.001130 0.245394 0.001633 0.000162 0.000000 0.000298 0.000762 0.017784 0.001707 0.003761 0.000000 0.000000 0.000000 0.000000 0.000000 0.000000 0.000000 0.000000 0.000000 0.000000 0.000000 0.000000 0.000000 0.000000 0.000000 0.000000 0.000000 0.000000 0.000000 0.000000 0.000000 0.000000 0.000000 0.000000 0.000000 0.000000 0.000000 0.000000 0.000000 0.000000 0.000000 0.000000 0.000000 0.000000 0.000000 0.000000 0.000000 0.000000 0.000000 0.000000 0.000000 0.000000 0.000000 0.000000 0.000000 0.000000 0.000000 0.000000 0.000000 0.000000 0.000000 0.000000 0.000000 0.000000 0.000000 0.000000 0.000000 0.000000 0.000000 0.000000 0.000000 0.000000 0.000000 0.000000 0.000000 0.000000 0.000000 0.000000 0.000000 0.000000 0.000000 0.000000 0.000000 0.000000
0.087432 0.000429 0.000588 0.030365 0.011784 0.000224 0.000103 0.000234 0.000352 0.005834 0.003821 0.002582 0.002351 0.001586 0.002083 0.008788 0.004617 0.014916 0.004722 0.052594 0.039524 0.001540 0.000281 0.000071 0.000739 0.046305 0.118932 0.000000 0.012733 0.019524 0.115728 0.000017 0.000013 0.026335 0.016321 0.000801 0.028872 0.001991 0.013915 0.002170 0.000753 0.017964 0.000288 0.000240 0.000589 0.010721 0.002583 0.000525 0.019641 0.003530 0.000222 0.000120 0.001402 0.000046 0.006339 0.055881 0.277303 0.001534 0.076573 0.002626 0.002180 0.000185 0.000853 0.000003 0.000337 0.046983 0.009395 0.088226 0.001039 0.003418 0.000009 0.000519 0.005460 0.014718 0.038938 0.050677 0.000000 0.000000 0.000000 0.000000 0.000000 0.000000 0.000000 0.000000 0.000000 0.000004 0.000027 0.000000 0.000000 0.000000 0.000000 0.000000 0.000000 0.000000 0.000000 0.000000 0.000000 0.000007 0.000000 0.000000 0.000000 0.000000 0.000001 0.000000 0.000000 0.000143 0.000000 0.000000 0.000000 0.000000 0.000000 0.000000 0.000000 0.000000 0.000000 0.000000 0.000000 0.000000 0.000000 0.000000 0.000000 0.000000 0.000000 0.000000 0.000000 0.000000 0.000000 0.000000 0.000000 0.000000 0.000000 0.000000 0.000000 0.000000 0.000000 0.000000 0.000000 0.000000 0.000000 0.000000 0.000000 0.000000 0.000000 0.000000 0.000000 0.000000 0.000007 0.000000 0.000000 0.000000
0.022588 0.000148 0.000019 0.048107 0.108331 0.000075 0.000009 0.000020 0.000082 0.000075 0.000031 0.000008 0.003203 0.000650 0.001558 0.005315 0.002944 0.011706 0.006023 0.000129 0.000195 0.000028 0.000095 0.000000 0.000466 0.025837 0.078412 0.012733 0.000000 0.044703 0.000743 0.000004 0.000002 0.000060 0.000402 0.000108 0.000203 0.000202 0.010421 0.000932 0.000411 0.000465 0.000157 0.000014 0.000003 0.259978 0.001751 0.000280 0.005861 0.002325 0.000013 0.000004 0.002577 0.000021 0.000353 0.000524 0.012805 0.000008 0.000059 0.000021 0.000084 0.000001 0.000539 0.000006 0.000054 0.000027 0.000560 0.253292 0.003935 0.000663 0.000000 0.000042 0.000777 0.011001 0.000162 0.005824 0.000000 0.000000 0.000000 0.000000 0.000000 0.000000 0.000000 0.000000 0.000000 0.000000 0.000000 0.000000 0.000000 0.000000 0.000000 0.000000 0.000000 0.000000 0.000000 0.000000 0.000000 0.000000 0.000000 0.000000 0.000000 0.000000 0.000000 0.000000 0.000000 0.000000 0.000000 0.000000 0.000000 0.000000 0.000000 0.000000 0.000000 0.000000 0.000000 0.000000 0.000000 0.000000 0.000000 0.000000 0.000000 0.000000 0.000000 0.000000 0.000000 0.000000 0.000000 0.000000 0.000000 0.000000 0.000000 0.000000 0.000000 0.000000 0.000000 0.000000 0.000000 0.000000 0.000000 0.000000 0.000000 0.000000 0.000000 0.000000 0.000000 0.000000 0.000000 0.000000 0.000000 0.000000
