0.000000 0.000000 0.000000 0.000050 0.266744 0.047770 0.000008 0.000010 0.000000 0.000054 0.000000 0.000482 0.000003 0.010432 0.052885 0.006641 0.000010 0.000728 0.000007 0.000000 0.000000 0.000000 0.000006 0.112636 0.000000 0.000010 0.000000 0.000000 0.000002 0.000000 0.065039 0.002732 0.000000 0.000000 0.000003 0.000000 0.000000 0.000000 0.014516 0.002722 0.000095 0.000000 0.000000 0.000010 0.000017 0.000000 0.007745 0.000004 0.027665 0.000000 0.000000 0.092765 0.104938 0.000194 0.000003 0.000001 0.000007 0.000000 0.000000 0.000000 0.000000 0.096049 0.000103 0.028393 0.000000 0.000809 0.000010 0.000240 0.000035 0.065522 0.000000 0.000000 0.000020 0.000000 0.000000 0.000000 0.000000 0.000000 0.000000 0.000003 0.000000 0.000000 0.000000 0.000000 0.000000 0.000000 0.000000 0.000000 0.000000 0.000000 0.000000 0.000003 0.000000 0.000000 0.000000 0.000000 0.000000 0.000000 0.000000 0.000000 0.000000 0.000000 0.000000 0.000000 0.000000 0.000010 0.000000 0.000000 0.000000 0.000000 0.000000 0.000000 0.000000 0.000000 0.000000 0.000000 0.000000 0.000000 0.000000 0.000000 0.000000 0.000000 0.000000 0.000000 0.000000 0.000000 0.000000 0.000000 0.000000 0.000003 0.000000 0.000000 0.000000 0.000000 0.000000 0.000000 0.000000 0.000000 0.000000 0.000024 0.000000 0.000000 0.000000 0.000000 0.000000 0.000000 0.000000 0.000000
0.000000 0.000000 0.000000 0.000006 0.000000 0.000000 0.000000 0.000000 0.000002 0.000000 0.000000 0.000000 0.000000 0.000000 0.000000 0.000000 0.000000 0.000000 0.056757 0.000016 0.147308 0.034062 0.000000 0.000000 0.000000 0.000000 0.000000 0.000000 0.000000 0.000000 0.000000 0.000000 0.000000 0.000000 0.000000 0.000000 0.016681 0.007596 0.000000 0.000000 0.000002 0.177933 0.000002 0.000982 0.000049 0.000000 0.000000 0.000008 0.000002 0.000000 0.263913 0.000000 0.000000 0.000000 0.000008 0.000000 0.136008 0.001148 0.144942 0.062557 0.022178 0.000000 0.000000 0.000000 0.000029 0.000000 0.000000 0.000004 0.000000 0.000000 0.000000 0.000000 0.000157 0.000000 0.000000 0.000000 0.000000 0.000000 0.000000 0.000000 0.000000 0.000000 0.000000 0.000000 0.000000 0.000000 0.000000 0.000000 0.000000 0.000000 0.000000 0.000000 0.000000 0.000000 0.000002 0.000039 0.000000 0.000000 0.000000 0.000000 0.000000 0.000000 0.000000 0.000000 0.000000 0.000000 0.000000 0.000000 0.000000 0.000000 0.000000 0.000000 0.000000 0.000000 0.000000 0.000000 0.000000 0.000000 0.000000 0.000000 0.000000 0.000000 0.000000 0.000000 0.000002 0.000000 0.000000 0.000000 0.000000 0.000000 0.000000 0.000000 0.000000 0.000000 0.000001 0.000000 0.000000 0.000000 0.000000 0.000000 0.000000 0.000000 0.000000 0.000000 0.000000 0.000000 0.000000 0.000000
0.000000 0.000000 0.000000 0.000004 0.000000 0.000028 0.000014 0.031212 0.000298 0.000000 0.000000 0.000000 0.000000 0.000000 0.000000 0.156525 0.000031 0.000015 0.000000 0.000000 0.000000 0.000000 0.000000 0.000000 0.000000 0.000003 0.043384 0.095745 0.059815 0.032931 0.000000 0.000003 0.000000 0.000000 0.000000 0.000000 0.000000 0.000000 0.000000 0.000000 0.000009 0.000000 0.000000 0.000000 0.106521 0.193369 0.000000 0.000006 0.000568 0.000000 0.000000 0.000000 0.000000 0.000059 0.000000 0.000001 0.000000 0.000003 0.000000 0.000000 0.000000 0.000000 0.000000 0.000000 0.000000 0.000014 0.030020 0.000000 0.037437 0.000000 0.000014 0.000000 0.000000 0.000000 0.000000 0.000000 0.001095 0.000000 0.000000 0.000000 0.000000 0.000114 0.000226 0.000000 0.000000 0.000000 0.000000 0.000000 0.000000 0.000560 0.000000 0.000000 0.000000 0.000000 0.000000 0.000000 0.000000 0.000000 0.000000 0.000000 0.000000 0.000000 0.000003 0.000639 0.000000 0.000000 0.000000 0.000000 0.000000 0.000000 0.000000 0.000000 0.000000 0.000000 0.000000 0.000000 0.000000 0.000000 0.000000 0.002987 0.000000 0.000000 0.000000 0.000000 0.000000 0.000000 0.000000 0.000000 0.000000 0.000000 0.000000 0.000000 0.000000 0.000000 0.000000 0.000000 0.000000 0.000000 0.000000 0.000000 0.000000 0.000000 0.000000 0.000000 0.000096 0.000000 0.000000 0.000000
0.000050 0.000006 0.000004 0.000000 0.000168 0.000367 0.001012 0.001616 0.000131 0.000090 0.000000 0.177465 0.000174 0.000091 0.000067 0.000030 0.002601 0.004265 0.000317 0.000000 0.000000 0.000011 0.000033 0.000008 0.000012 0.177436 0.000000 0.115792 0.038467 0.000004 0.000000 0.000046 0.060732 0.000791 0.000339 0.000035 0.000000 0.000005 0.000039 0.001161 0.081452 0.000008 0.000002 0.001260 0.110286 0.000021 0.000223 0.000408 0.179407 0.000000 0.000198 0.001269 0.000122 0.001152 0.000821 0.000043 0.000978 0.000108 0.000246 0.000084 0.000225 0.000004 0.000004 0.000006 0.000262 0.000479 0.022631 0.042864 0.003630 0.000004 0.000024 0.000000 0.000587 0.000215 0.000000 0.000000 0.000000 0.000000 0.000000 0.000000 0.000000 0.000000 0.000002 0.000000 0.000000 0.000000 0.000000 0.000000 0.000000 0.000000 0.000000 0.000000 0.000000 0.000000 0.000000 0.000000 0.000000 0.000000 0.000000 0.000000 0.000000 0.000000 0.000000 0.000000 0.000000 0.000000 0.000000 0.000000 0.000000 0.000000 0.000000 0.000000 0.000000 0.000000 0.000000 0.000000 0.000000 0.000000 0.000000 0.000000 0.000000 0.000000 0.000000 0.000000 0.000000 0.000000 0.000000 0.000000 0.000000 0.000000 0.000000 0.000000 0.000000 0.000000 0.000000 0.000000 0.000000 0.000000 0.000000 0.000006 0.000000 0.000000 0.000000 0.000000 0.000000 0.000000 0.000000 0.000000
0.266744 0.000000 0.000000 0.000168 0.000000 0.053421 0.000033 0.000026 0.000004 0.000295 0.000000 0.001626 0.000000 0.003555 0.034041 0.196925 0.000004 0.000259 0.000000 0.000000 0.000000 0.000007 0.000015 0.004037 0.000000 0.000007 0.000000 0.000000 0.000005 0.000000 0.041805 0.000560 0.000000 0.000000 0.000000 0.000000 0.000000 0.000000 0.000705 0.006003 0.000537 0.000000 0.000000 0.000039 0.000082 0.000000 0.000883 0.000002 0.014611 0.000000 0.000005 0.018995 0.102448 0.000912 0.000013 0.000001 0.000001 0.000000 0.000002 0.000002 0.000000 0.000000 0.000009 0.003468 0.000005 0.000157 0.000015 0.000688 0.000203 0.036843 0.000000 0.000000 0.000013 0.000000 0.000000 0.000000 0.000000 0.000000 0.000000 0.000046 0.000000 0.000000 0.000000 0.000000 0.000000 0.000000 0.000000 0.000000 0.000000 0.000010 0.000000 0.000000 0.000000 0.000000 0.000000 0.000000 0.000002 0.000000 0.000000 0.000000 0.000000 0.000000 0.000000 0.000000 0.000000 0.000000 0.000000 0.000000 0.000000 0.000000 0.000000 0.000000 0.000000 0.000000 0.000006 0.000000 0.000000 0.000000 0.000000 0.000000 0.000000 0.000000 0.000000 0.000000 0.000000 0.000000 0.000000 0.000000 0.000000 0.000000 0.000000 0.000000 0.000000 0.000000 0.000000 0.000000 0.000000 0.000000 0.000000 0.000016 0.000000 0.000000 0.000000 0.000000 0.000000 0.000000 0.000000 0.000000
0.047770 0.000000 0.000028 0.000367 0.053421 0.000000 0.133376 0.003796 0.002714 0.000245 0.000000 0.000922 0.000083 0.005818 0.008621 0.189319 0.000042 0.003640 0.000027 0.000000 0.000000 0.000003 0.000054 0.020148 0.000004 0.000240 0.000004 0.000000 0.000047 0.000006 0.026377 0.078746 0.000000 0.000000 0.000000 0.000000 0.000000 0.000000 0.005101 0.003007 0.000831 0.000002 0.000002 0.000234 0.001341 0.000006 0.009601 0.000229 0.020491 0.000000 0.000013 0.018342 0.012128 0.027843 0.000246 0.000061 0.000027 0.000014 0.000006 0.000000 0.000014 0.000101 0.016248 0.016964 0.000335 0.163206 0.001338 0.002427 0.004629 0.206418 0.000031 0.000000 0.000292 0.000006 0.000031 0.000000 0.000000 0.000000 0.000019 0.006583 0.000267 0.000033 0.000014 0.000010 0.000000 0.000000 0.000000 0.000000 0.000002 0.001346 0.000000 0.000000 0.000002 0.000000 0.000000 0.000000 0.000002 0.000000 0.000000 0.000006 0.000000 0.000000 0.000000 0.000000 0.001293 0.000874 0.000000 0.000000 0.000000 0.000000 0.000000 0.000000 0.000002 0.000000 0.000012 0.000000 0.000000 0.000000 0.000005 0.000000 0.000004 0.000000 0.000000 0.000000 0.000000 0.000004 0.000004 0.000000 0.000000 0.000000 0.000000 0.000000 0.000000 0.000000 0.000000 0.000004 0.000000 0.000000 0.000000 0.020802 0.000002 0.000000 0.000000 0.001484 0.000000 0.000000 0.000002 0.000000
0.000008 0.000000 0.000014 0.001012 0.000033 0.133376 0.000000 0.168143 0.023293 0.000089 0.000000 0.000010 0.000000 0.000003 0.000091 0.246195 0.000020 0.000243 0.000122 0.000002 0.000000 0.000000 0.000015 0.000000 0.000009 0.000375 0.000009 0.000000 0.000023 0.000154 0.000000 0.000052 0.000000 0.000000 0.000000 0.000000 0.000000 0.000000 0.000000 0.000186 0.000320 0.000002 0.000000 0.000521 0.003242 0.000014 0.000111 0.000059 0.003589 0.000000 0.000013 0.003199 0.000086 0.024832 0.001188 0.000119 0.000085 0.000011 0.000020 0.000003 0.000006 0.000000 0.000003 0.000003 0.007467 0.117503 0.001615 0.004448 0.011156 0.000003 0.000204 0.000000 0.000091 0.000000 0.000000 0.000000 0.000000 0.000000 0.000000 0.000520 0.002526 0.001486 0.000123 0.000000 0.000000 0.000000 0.000000 0.000000 0.000000 0.000150 0.000000 0.000000 0.000000 0.000000 0.000000 0.000000 0.000000 0.000000 0.000000 0.000000 0.000000 0.000000 0.000000 0.000000 0.000000 0.000003 0.000000 0.000000 0.000000 0.000000 0.000000 0.000000 0.000000 0.000000 0.000000 0.000000 0.000000 0.000000 0.000000 0.000000 0.000000 0.000000 0.000000 0.000000 0.000000 0.000000 0.000001 0.000000 0.000000 0.000000 0.000000 0.000000 0.000000 0.000000 0.000000 0.000000 0.000000 0.000000 0.000000 0.001099 0.000000 0.000000 0.000000 0.000000 0.000000 0.000000 0.000000 0.000000
0.000010 0.000000 0.031212 0.001616 0.000026 0.003796 0.168143 0.000000 0.133260 0.000099 0.000000 0.000036 0.000000 0.000000 0.000026 0.151337 0.000037 0.000090 0.000124 0.000000 0.000000 0.000004 0.000063 0.000000 0.000002 0.000383 0.000002 0.000010 0.031737 0.000048 0.000002 0.000014 0.000000 0.000000 0.000000 0.000000 0.000000 0.000000 0.000000 0.000499 0.000345 0.000000 0.000000 0.000640 0.025680 0.107013 0.000031 0.000042 0.000989 0.000000 0.000019 0.001497 0.000065 0.066299 0.000813 0.000126 0.000187 0.000012 0.000004 0.000000 0.000014 0.000000 0.000000 0.000000 0.001315 0.086120 0.003112 0.000542 0.082251 0.000000 0.000704 0.000000 0.000059 0.000000 0.000000 0.000000 0.000234 0.000000 0.000000 0.000010 0.000074 0.018505 0.000974 0.000000 0.000000 0.000000 0.000000 0.000000 0.000001 0.008385 0.000000 0.000000 0.000000 0.000000 0.000000 0.000000 0.000000 0.000000 0.000000 0.000000 0.000000 0.000000 0.000000 0.000010 0.000000 0.000000 0.000000 0.000000 0.000000 0.000000 0.000000 0.000000 0.000000 0.000000 0.000000 0.000000 0.000000 0.000000 0.000000 0.000901 0.000000 0.000000 0.000002 0.000000 0.000000 0.000000 0.000000 0.000000 0.000000 0.000000 0.000000 0.000000 0.000000 0.000000 0.000000 0.000000 0.000000 0.000000 0.000000 0.001624 0.000000 0.000000 0.000000 0.000000 0.000034 0.000000 0.000000 0.000000
0.000000 0.000002 0.000298 0.000131 0.000004 0.002714 0.023293 0.133260 0.000000 0.013112 0.000002 0.000000 0.000000 0.000000 0.000003 0.000310 0.000047 0.000564 0.000819 0.000290 0.000000 0.000017 0.000131 0.000000 0.000345 0.001481 0.000144 0.000220 0.000789 0.022848 0.000000 0.000100 0.000000 0.000000 0.000005 0.000000 0.000000 0.000000 0.000000 0.000013 0.002464 0.000000 0.000000 0.001769 0.006088 0.105873 0.000005 0.000700 0.001398 0.000000 0.000005 0.000038 0.000000 0.002553 0.009961 0.009990 0.000422 0.000113 0.000013 0.000000 0.000032 0.000000 0.000000 0.000000 0.022201 0.185872 0.011939 0.000305 0.004091 0.000008 0.223936 0.000000 0.000271 0.000000 0.000000 0.000000 0.000023 0.000000 0.000000 0.000001 0.000000 0.002872 0.053619 0.001258 0.000000 0.000000 0.000000 0.000000 0.000000 0.000143 0.000000 0.000000 0.000000 0.000000 0.000000 0.000000 0.000004 0.000000 0.000000 0.000008 0.000000 0.000000 0.000000 0.003636 0.000000 0.000000 0.000000 0.000000 0.000000 0.000000 0.000000 0.000000 0.000000 0.000000 0.000116 0.000000 0.000000 0.000000 0.000000 0.000881 0.000000 0.000000 0.000004 0.000000 0.000000 0.000004 0.000000 0.000000 0.000000 0.000000 0.000000 0.000000 0.000000 0.000000 0.000001 0.000000 0.000000 0.000000 0.000000 0.036803 0.000000 0.000000 0.000000 0.000000 0.056146 0.000000 0.000004 0.000000
0.000054 0.000000 0.000000 0.000090 0.000295 0.000245 0.000089 0.000099 0.013112 0.000000 0.000009 0.000073 0.000000 0.000015 0.000124 0.000027 0.000166 0.017310 0.000170 0.000004 0.000006 0.008907 0.024042 0.000004 0.000031 0.001130 0.000023 0.000000 0.000040 0.053295 0.000000 0.001930 0.000004 0.000000 0.000004 0.000000 0.000000 0.000002 0.000000 0.001027 0.021348 0.000000 0.000055 0.139453 0.000387 0.000000 0.000269 0.006534 0.014460 0.000008 0.000417 0.000495 0.000328 0.000124 0.003794 0.000187 0.000256 0.000054 0.000048 0.000004 0.000056 0.000000 0.000034 0.000003 0.005684 0.255170 0.000478 0.001411 0.000083 0.000039 0.000052 0.000000 0.007341 0.000948 0.000004 0.000000 0.000000 0.000080 0.000031 0.000011 0.000057 0.000004 0.001394 0.000377 0.000008 0.000008 0.000000 0.000011 0.000008 0.000000 0.000000 0.000077 0.000027 0.000000 0.000018 0.000174 0.000047 0.000000 0.000000 0.000218 0.000011 0.000000 0.000008 0.000039 0.000015 0.000088 0.000000 0.000000 0.000006 0.000061 0.000000 0.000000 0.000008 0.000000 0.002444 0.000000 0.000008 0.000003 0.000278 0.000014 0.000034 0.000156 0.000474 0.000000 0.000017 0.000103 0.000034 0.000027 0.000000 0.000467 0.000019 0.000000 0.000000 0.000000 0.000011 0.000000 0.000007 0.000004 0.000004 0.073261 0.000088 0.000130 0.000008 0.000000 0.000087 0.000000 0.000174 0.000000
0.000000 0.000000 0.000000 0.000000 0.000000 0.000000 0.000000 0.000000 0.000002 0.000009 0.000000 0.000000 0.000000 0.000000 0.000000 0.000000 0.000000 0.000000 0.000149 0.349913 0.000000 0.016237 0.000000 0.000000 0.000037 0.000000 0.000094 0.000000 0.000000 0.015055 0.000000 0.000000 0.000000 0.000000 0.000000 0.000000 0.000000 0.000000 0.000000 0.000000 0.000000 0.029484 0.000000 0.266471 0.000000 0.000000 0.000000 0.000000 0.000003 0.000000 0.000000 0.000000 0.000000 0.000000 0.000002 0.000015 0.000995 0.120455 0.000000 0.000000 0.000897 0.000000 0.000000 0.000000 0.128626 0.000005 0.000002 0.000003 0.000000 0.000000 0.000002 0.000000 0.000041 0.000000 0.000000 0.000000 0.000000 0.000000 0.000000 0.000000 0.000000 0.000000 0.000000 0.000000 0.042033 0.000000 0.000000 0.000000 0.000000 0.000000 0.000000 0.000000 0.000000 0.000244 0.000000 0.001537 0.000000 0.000000 0.000000 0.000000 0.000000 0.000000 0.000000 0.000190 0.000000 0.000000 0.000000 0.000000 0.000000 0.000000 0.000000 0.000000 0.000000 0.000000 0.000000 0.000102 0.000000 0.000533 0.000000 0.000000 0.000000 0.000000 0.000000 0.000000 0.000000 0.000000 0.000000 0.000000 0.000000 0.000000 0.000000 0.000000 0.000000 0.000000 0.000002 0.000000 0.000000 0.000000 0.000055 0.000000 0.000000 0.000000 0.000000 0.000000 0.000000 0.000000 0.000000 0.000000
0.000482 0.000000 0.000000 0.177465 0.001626 0.000922 0.000010 0.000036 0.000000 0.000073 0.000000 0.000000 0.002283 0.063052 0.002493 0.000026 0.000242 0.012841 0.000000 0.000000 0.000000 0.000000 0.000005 0.000112 0.000000 0.000016 0.000000 0.000000 0.032354 0.000000 0.000000 0.000021 0.000983 0.000174 0.000128 0.000000 0.000000 0.000000 0.000221 0.227580 0.000086 0.000000 0.000000 0.000015 0.010477 0.000000 0.002732 0.000111 0.093428 0.000000 0.000000 0.139576 0.002249 0.000092 0.000003 0.000000 0.000003 0.000000 0.000000 0.000000 0.000000 0.000000 0.000003 0.000164 0.000000 0.000021 0.000026 0.129670 0.000037 0.000000 0.000000 0.000000 0.000001 0.000000 0.000000 0.000000 0.000000 0.000000 0.000000 0.000000 0.000000 0.000000 0.000000 0.000000 0.000000 0.000000 0.000000 0.000000 0.000000 0.000000 0.000000 0.000000 0.000000 0.000000 0.000000 0.000000 0.000000 0.000000 0.000000 0.000000 0.000000 0.000000 0.000000 0.000000 0.000000 0.000000 0.000000 0.000000 0.000000 0.000000 0.000000 0.000000 0.000000 0.000000 0.000000 0.000002 0.000000 0.000000 0.000000 0.000000 0.000000 0.000000 0.000000 0.000000 0.000000 0.000000 0.000000 0.000000 0.000000 0.000000 0.000000 0.000000 0.000000 0.000000 0.000000 0.000000 0.000000 0.000000 0.000000 0.000000 0.000000 0.000000 0.000000 0.000000 0.000000 0.000000 0.000000 0.000000
0.000003 0.000000 0.000000 0.000174 0.000000 0.000083 0.000000 0.000000 0.000000 0.000000 0.000000 0.002283 0.000000 0.055885 0.000000 0.000000 0.000000 0.003087 0.000000 0.000000 0.000000 0.000000 0.000000 0.169600 0.000000 0.000000 0.000000 0.000000 0.000000 0.000000 0.000000 0.000068 0.000009 0.000015 0.000036 0.000000 0.000000 0.000000 0.211916 0.000871 0.000000 0.000000 0.000055 0.000000 0.000000 0.000000 0.213467 0.000002 0.001799 0.000000 0.000000 0.000000 0.000000 0.000000 0.000000 0.000000 0.000000 0.000000 0.000000 0.000000 0.000000 0.060306 0.000191 0.031980 0.000000 0.000002 0.000000 0.000000 0.000000 0.000003 0.000000 0.000000 0.000000 0.000000 0.000000 0.000000 0.000000 0.000000 0.000000 0.000000 0.000000 0.000000 0.000000 0.000000 0.000000 0.000000 0.000000 0.000000 0.000000 0.000000 0.000000 0.000000 0.000000 0.000000 0.000000 0.000000 0.000000 0.000000 0.000000 0.000000 0.000000 0.000000 0.000000 0.000000 0.000000 0.000000 0.000000 0.000000 0.000000 0.000000 0.000000 0.000000 0.000000 0.000000 0.000000 0.000000 0.000000 0.000000 0.000000 0.000000 0.000000 0.000000 0.000000 0.000000 0.000000 0.000000 0.000000 0.000000 0.000000 0.000000 0.000000 0.000000 0.000000 0.000000 0.000000 0.000000 0.000000 0.000000 0.000000 0.000000 0.000000 0.000000 0.000000 0.000000 0.000000 0.000000 0.000000 0.000000
0.010432 0.000000 0.000000 0.000091 0.003555 0.005818 0.000003 0.000000 0.000000 0.000015 0.000000 0.063052 0.055885 0.000000 0.004295 0.000070 0.000000 0.000268 0.000000 0.000000 0.000000 0.000000 0.000000 0.004665 0.000000 0.000002 0.000000 0.000000 0.000041 0.000000 0.000000 0.000144 0.000000 0.000000 0.000000 0.000000 0.000000 0.000000 0.219135 0.269402 0.000062 0.000000 0.000000 0.000011 0.000016 0.000000 0.005843 0.000000 0.067502 0.000000 0.000000 0.194210 0.003898 0.000019 0.000000 0.000000 0.000000 0.000000 0.000000 0.000000 0.000000 0.057259 0.000018 0.020120 0.000000 0.000064 0.000006 0.000263 0.000013 0.000036 0.000000 0.000000 0.000000 0.000000 0.000000 0.000000 0.000000 0.000000 0.000000 0.000000 0.000000 0.000000 0.000000 0.000000 0.000000 0.000000 0.000000 0.000000 0.000000 0.000000 0.000000 0.000000 0.000000 0.000000 0.000000 0.000000 0.000000 0.000000 0.000000 0.000000 0.000000 0.000000 0.000000 0.000000 0.000000 0.000000 0.000000 0.000000 0.000000 0.000000 0.000000 0.000000 0.000000 0.000000 0.000000 0.000000 0.000000 0.000000 0.000000 0.000000 0.000000 0.000000 0.000000 0.000000 0.000000 0.000000 0.000000 0.000000 0.000000 0.000000 0.000000 0.000000 0.000000 0.000000 0.000000 0.000000 0.000000 0.000000 0.000000 0.000000 0.000000 0.000000 0.000000 0.000000 0.000000 0.000000 0.000000 0.000000
0.052885 0.000000 0.000000 0.000067 0.034041 0.008621 0.000091 0.000026 0.000003 0.000124 0.000000 0.002493 0.000000 0.004295 0.000000 0.074331 0.000001 0.000049 0.000001 0.000000 0.000000 0.000001 0.000005 0.000044 0.000002 0.000063 0.000000 0.000000 0.027717 0.000000 0.000000 0.000070 0.000000 0.000000 0.000000 0.000000 0.000000 0.000000 0.000041 0.001326 0.000329 0.000000 0.000000 0.000023 0.000343 0.000000 0.000210 0.000003 0.003834 0.000000 0.000005 0.310607 0.299447 0.241062 0.000021 0.000003 0.000003 0.000008 0.000002 0.000002 0.000002 0.104536 0.000004 0.000074 0.000008 0.000142 0.000056 0.085265 0.026102 0.000008 0.000006 0.000000 0.000016 0.000006 0.000000 0.000000 0.000000 0.000000 0.000000 0.000000 0.000000 0.000000 0.000000 0.000000 0.000000 0.000000 0.000000 0.000000 0.000000 0.000000 0.000000 0.000000 0.000000 0.000000 0.000000 0.000000 0.000000 0.000000 0.000000 0.000000 0.000000 0.000000 0.000000 0.000000 0.000000 0.000000 0.000000 0.000000 0.000000 0.000000 0.000000 0.000000 0.000000 0.000000 0.000000 0.000000 0.000000 0.000000 0.000000 0.000000 0.000000 0.000000 0.000000 0.000000 0.000000 0.000000 0.000000 0.000000 0.000000 0.000000 0.000000 0.000000 0.000000 0.000000 0.000000 0.000000 0.000000 0.000000 0.000000 0.000009 0.000000 0.000000 0.000000 0.000000 0.000000 0.000000 0.000000 0.000000
0.006641 0.000000 0.156525 0.000030 0.196925 0.189319 0.246195 0.151337 0.000310 0.000027 0.000000 0.000026 0.000000 0.000070 0.074331 0.000000 0.000029 0.000094 0.000003 0.000000 0.000000 0.000000 0.000005 0.000449 0.000003 0.000048 0.000000 0.000006 0.013356 0.000000 0.025792 0.001129 0.000000 0.000000 0.000000 0.000000 0.000000 0.000000 0.000158 0.000068 0.000081 0.000000 0.000000 0.000040 0.007955 0.007365 0.000088 0.000016 0.001284 0.000000 0.000011 0.001446 0.036009 0.251347 0.000039 0.000003 0.000003 0.000003 0.000004 0.000000 0.000000 0.000000 0.000000 0.000553 0.000020 0.003459 0.000390 0.000231 0.066207 0.060479 0.000006 0.000000 0.000043 0.000000 0.000000 0.000000 0.000377 0.000000 0.000004 0.001172 0.001292 0.004940 0.000076 0.000000 0.000000 0.000000 0.000000 0.000000 0.000000 0.005965 0.000000 0.000000 0.000000 0.000000 0.000000 0.000000 0.000000 0.000000 0.000000 0.000000 0.000000 0.000000 0.000006 0.000022 0.000012 0.000111 0.000000 0.000000 0.000000 0.000000 0.000000 0.000000 0.000000 0.000000 0.000001 0.000000 0.000000 0.000000 0.000000 0.000194 0.000000 0.000000 0.000000 0.000000 0.000000 0.000000 0.000000 0.000000 0.000000 0.000000 0.000000 0.000000 0.000000 0.000000 0.000000 0.000000 0.000000 0.000000 0.000000 0.000082 0.000000 0.000000 0.000000 0.000012 0.000005 0.000000 0.000000 0.000000
0.000010 0.000000 0.000031 0.002601 0.000004 0.000042 0.000020 0.000037 0.000047 0.000166 0.000000 0.000242 0.000000 0.000000 0.000001 0.000029 0.000000 0.222961 0.001813 0.000000 0.000000 0.000000 0.020880 0.001417 0.000000 0.000657 0.000000 0.000000 0.000160 0.000011 0.000000 0.029250 0.002760 0.000028 0.041268 0.000000 0.000000 0.000011 0.000006 0.000004 0.028485 0.000000 0.010465 0.000225 0.002439 0.000006 0.009647 0.218808 0.112770 0.000057 0.000015 0.000025 0.000007 0.000025 0.000402 0.000088 0.000165 0.000580 0.000010 0.000002 0.000012 0.000000 0.000074 0.000025 0.000216 0.000262 0.000960 0.000040 0.001531 0.000011 0.000013 0.000000 0.005819 0.000049 0.000000 0.000000 0.000000 0.000000 0.000000 0.000001 0.000000 0.000000 0.000011 0.000000 0.000000 0.000000 0.000000 0.000000 0.000000 0.000000 0.000000 0.000000 0.000004 0.000000 0.000000 0.000000 0.000004 0.000000 0.000000 0.000026 0.000000 0.000000 0.000000 0.000000 0.000004 0.000031 0.000000 0.000000 0.000000 0.000004 0.000000 0.000000 0.000000 0.000000 0.000048 0.000000 0.000000 0.000000 0.000004 0.000004 0.000000 0.000006 0.000007 0.000000 0.000004 0.000004 0.000000 0.000000 0.000000 0.000004 0.000000 0.000000 0.000000 0.000000 0.000004 0.000000 0.000006 0.000000 0.000000 0.000075 0.000004 0.000000 0.000000 0.000000 0.000004 0.000000 0.000016 0.000000
0.000728 0.000000 0.000015 0.004265 0.000259 0.003640 0.000243 0.000090 0.000564 0.017310 0.000000 0.012841 0.003087 0.000268 0.000049 0.000094 0.222961 0.000000 0.000121 0.000008 0.000002 0.000019 0.018984 0.022628 0.000078 0.000831 0.000000 0.000000 0.000484 0.000607 0.000426 0.193761 0.002142 0.000069 0.008548 0.000003 0.000000 0.000000 0.000605 0.000210 0.021054 0.000000 0.006067 0.002900 0.001646 0.000009 0.227515 0.073658 0.191303 0.000052 0.000055 0.000790 0.000323 0.000435 0.002172 0.000479 0.000142 0.000065 0.000018 0.000014 0.000064 0.000007 0.005968 0.001538 0.001160 0.008635 0.000899 0.001056 0.001009 0.001741 0.000380 0.000003 0.010897 0.001266 0.000000 0.000000 0.000000 0.000000 0.000000 0.000007 0.000000 0.000006 0.000039 0.000029 0.000000 0.000000 0.000000 0.000000 0.000000 0.000000 0.000004 0.000004 0.000007 0.000000 0.000002 0.000006 0.000018 0.000003 0.000000 0.000017 0.000003 0.000000 0.000000 0.000000 0.000007 0.000150 0.000000 0.000000 0.000000 0.000000 0.000000 0.000000 0.000000 0.000000 0.000152 0.000000 0.000000 0.000003 0.000002 0.000003 0.000000 0.000112 0.000010 0.000000 0.000006 0.000000 0.000000 0.000000 0.000000 0.000022 0.000000 0.000000 0.000000 0.000000 0.000000 0.000000 0.000015 0.000000 0.000000 0.001322 0.000010 0.000000 0.000000 0.000000 0.000007 0.000000 0.000004 0.000000
0.000007 0.056757 0.000000 0.000317 0.000000 0.000027 0.000122 0.000124 0.000819 0.000170 0.000149 0.000000 0.000000 0.000000 0.000001 0.000003 0.001813 0.000121 0.000000 0.014867 0.000026 0.001912 0.000059 0.000002 0.075931 0.000138 0.000006 0.000000 0.000079 0.000062 0.000000 0.000022 0.000000 0.000000 0.000008 0.000000 0.000004 0.003282 0.000000 0.000006 0.004180 0.053842 0.000000 0.004569 0.000623 0.000015 0.000015 0.000233 0.010303 0.000000 0.005610 0.000116 0.000000 0.000140 0.003752 0.001846 0.400485 0.229641 0.105970 0.000180 0.004274 0.000000 0.000000 0.000000 0.020380 0.000658 0.000281 0.002489 0.000473 0.000000 0.000771 0.000000 0.095011 0.000006 0.000000 0.000000 0.000000 0.000000 0.000000 0.000000 0.000000 0.000000 0.000000 0.000000 0.000000 0.000000 0.000000 0.000000 0.000000 0.000000 0.000000 0.000000 0.000000 0.000000 0.000000 0.000000 0.000000 0.000000 0.000000 0.000000 0.000000 0.000000 0.000000 0.000000 0.000000 0.000013 0.000000 0.000000 0.000000 0.000000 0.000000 0.000000 0.000000 0.000000 0.000000 0.000000 0.000000 0.000000 0.000000 0.000000 0.000000 0.000000 0.000000 0.000000 0.000000 0.000000 0.000000 0.000000 0.000000 0.000000 0.000000 0.000000 0.000000 0.000000 0.000000 0.000000 0.000000 0.000000 0.000000 0.000003 0.000000 0.000000 0.000000 0.000000 0.000000 0.000000 0.000000 0.000000
0.000000 0.000016 0.000000 0.000000 0.000000 0.000000 0.000002 0.000000 0.000290 0.000004 0.349913 0.000000 0.000000 0.000000 0.000000 0.000000 0.000000 0.000008 0.014867 0.000000 0.000000 0.000098 0.000002 0.000000 0.003272 0.000004 0.046885 0.000000 0.000000 0.003370 0.000000 0.000000 0.000000 0.000000 0.000000 0.000000 0.000000 0.000000 0.000000 0.000000 0.000010 0.053491 0.000000 0.063307 0.000011 0.000000 0.000002 0.000008 0.000013 0.000000 0.000000 0.000000 0.000000 0.000000 0.000037 0.032906 0.001341 0.212393 0.000002 0.000000 0.000047 0.000000 0.000000 0.000000 0.157756 0.000002 0.000004 0.000018 0.000002 0.000000 0.001201 0.000000 0.000177 0.000000 0.000000 0.000000 0.000000 0.000000 0.000000 0.000000 0.000000 0.000000 0.000000 0.000000 0.007662 0.000000 0.000000 0.000000 0.000000 0.000000 0.000000 0.000000 0.000000 0.000041 0.000000 0.000000 0.000000 0.000000 0.000000 0.000000 0.000000 0.000000 0.000000 0.000153 0.000000 0.000000 0.000000 0.000000 0.000000 0.000000 0.000000 0.000000 0.000000 0.000000 0.000000 0.000002 0.000000 0.000009 0.000000 0.000000 0.000000 0.000000 0.000000 0.000000 0.000000 0.000000 0.000000 0.000000 0.000000 0.000000 0.000000 0.000000 0.000000 0.000000 0.000000 0.000000 0.000000 0.000000 0.000002 0.000004 0.000000 0.000000 0.000000 0.000000 0.000000 0.000000 0.000000 0.000000
0.000000 0.147308 0.000000 0.000000 0.000000 0.000000 0.000000 0.000000 0.000000 0.000006 0.000000 0.000000 0.000000 0.000000 0.000000 0.000000 0.000000 0.000002 0.000026 0.000000 0.000000 0.015552 0.051926 0.000000 0.000002 0.000002 0.000000 0.000000 0.000000 0.000000 0.000000 0.000006 0.000000 0.000000 0.000000 0.000000 0.052634 0.000524 0.000000 0.000000 0.000009 0.000006 0.000031 0.000044 0.000000 0.000000 0.000000 0.000002 0.000002 0.167281 0.062077 0.000000 0.000000 0.000000 0.000014 0.000000 0.000013 0.000000 0.005638 0.187193 0.234347 0.000000 0.000000 0.000000 0.000000 0.000002 0.000000 0.000002 0.000000 0.000000 0.000000 0.000007 0.000137 0.000000 0.000000 0.000000 0.000000 0.000000 0.000000 0.000000 0.000000 0.000000 0.000000 0.000002 0.000000 0.000000 0.000000 0.000000 0.000000 0.000000 0.000000 0.000000 0.000000 0.000000 0.000007 0.000002 0.000000 0.000000 0.000000 0.000000 0.000000 0.000000 0.000000 0.000000 0.000000 0.000000 0.000000 0.000000 0.000000 0.000000 0.000000 0.000000 0.000000 0.000000 0.000000 0.000002 0.000000 0.000000 0.000000 0.000000 0.000000 0.000000 0.000000 0.000000 0.000033 0.000000 0.000000 0.000000 0.000000 0.000000 0.000000 0.000000 0.000000 0.000000 0.000012 0.000000 0.000000 0.000000 0.000000 0.000000 0.000000 0.000000 0.000000 0.000000 0.000000 0.000000 0.000000 0.000000
0.000000 0.034062 0.000000 0.000011 0.000007 0.000003 0.000000 0.000004 0.000017 0.008907 0.016237 0.000000 0.000000 0.000000 0.000001 0.000000 0.000000 0.000019 0.001912 0.000098 0.015552 0.000000 0.051396 0.000000 0.000001 0.000063 0.000000 0.000000 0.000000 0.001017 0.000000 0.000017 0.000000 0.000000 0.000000 0.000000 0.000000 0.000043 0.000000 0.000017 0.000656 0.151527 0.000005 0.276861 0.000048 0.000000 0.000013 0.000014 0.000039 0.000000 0.096187 0.000012 0.000009 0.000008 0.000336 0.000003 0.042256 0.012028 0.003204 0.000098 0.342114 0.000000 0.000004 0.000000 0.001452 0.000052 0.000002 0.000056 0.000005 0.000000 0.000000 0.000000 0.000191 0.000000 0.000000 0.000000 0.000000 0.000000 0.000000 0.000000 0.000000 0.000000 0.000004 0.000092 0.007661 0.000000 0.000000 0.000000 0.000001 0.000000 0.000000 0.000000 0.000000 0.000000 0.000032 0.008078 0.000006 0.000000 0.000000 0.000005 0.000000 0.000000 0.000000 0.000013 0.000001 0.000001 0.000000 0.000000 0.000000 0.000000 0.000000 0.000000 0.000000 0.000000 0.000013 0.000067 0.000000 0.001832 0.000000 0.000000 0.000000 0.000000 0.000000 0.000000 0.000078 0.000000 0.000001 0.000000 0.000000 0.000000 0.000000 0.000000 0.000000 0.000000 0.000023 0.000000 0.000000 0.000000 0.000000 0.000020 0.000001 0.000000 0.000000 0.000000 0.000000 0.000000 0.000000 0.000000
0.000006 0.000000 0.000000 0.000033 0.000015 0.000054 0.000015 0.000063 0.000131 0.024042 0.000000 0.000005 0.000000 0.000000 0.000005 0.000005 0.020880 0.018984 0.000059 0.000002 0.051926 0.051396 0.000000 0.000297 0.000437 0.001896 0.000000 0.000000 0.000007 0.000027 0.000000 0.045993 0.000009 0.000002 0.062441 0.000000 0.001338 0.006208 0.000000 0.000036 0.010180 0.000000 0.207471 0.052708 0.000115 0.000000 0.000172 0.013456 0.000480 0.127842 0.000054 0.000031 0.000012 0.000060 0.003705 0.000030 0.000087 0.000007 0.002916 0.006223 0.141715 0.000000 0.000129 0.000016 0.001112 0.000090 0.000012 0.000454 0.000012 0.000041 0.000007 0.000343 0.028050 0.000031 0.000003 0.000000 0.000000 0.000000 0.000000 0.000000 0.000000 0.000000 0.000002 0.000002 0.000000 0.000000 0.000000 0.000000 0.000000 0.000000 0.000000 0.000002 0.000000 0.000000 0.000005 0.000002 0.000004 0.000002 0.000000 0.000000 0.000000 0.000000 0.000000 0.000000 0.000000 0.000056 0.000000 0.000000 0.000002 0.000000 0.000000 0.000000 0.000000 0.000000 0.000012 0.000000 0.000000 0.000000 0.000000 0.000000 0.000000 0.000000 0.000002 0.000000 0.000048 0.000000 0.000000 0.000000 0.000000 0.000000 0.000000 0.000000 0.000000 0.000000 0.000017 0.000000 0.000006 0.000000 0.000000 0.000008 0.000000 0.000000 0.000000 0.000000 0.000002 0.000000 0.000000 0.000000
0.112636 0.000000 0.000000 0.000008 0.004037 0.020148 0.000000 0.000000 0.000000 0.000004 0.000000 0.000112 0.169600 0.004665 0.000044 0.000449 0.001417 0.022628 0.000002 0.000000 0.000000 0.000000 0.000297 0.000000 0.000000 0.000004 0.000000 0.000000 0.000000 0.000002 0.112482 0.020566 0.000055 0.000303 0.001878 0.000000 0.000000 0.000000 0.023533 0.000336 0.000014 0.000000 0.002270 0.000002 0.000000 0.000000 0.152334 0.001987 0.002364 0.000000 0.000000 0.001960 0.000338 0.000005 0.000000 0.000000 0.000000 0.000000 0.000000 0.000000 0.000000 0.183314 0.212284 0.406571 0.000005 0.000162 0.000003 0.000030 0.000000 0.081244 0.000000 0.000000 0.000026 0.000000 0.000000 0.000000 0.000000 0.000000 0.000000 0.000000 0.000000 0.000000 0.000000 0.000000 0.000000 0.000000 0.000000 0.000000 0.000000 0.000000 0.000000 0.000000 0.000000 0.000000 0.000000 0.000000 0.000000 0.000009 0.000000 0.000000 0.000000 0.000000 0.000000 0.000000 0.000112 0.000000 0.000000 0.000000 0.000000 0.000000 0.000000 0.000000 0.000000 0.000000 0.000000 0.000000 0.000000 0.000000 0.000000 0.000000 0.000000 0.000000 0.000000 0.000000 0.000000 0.000000 0.000000 0.000000 0.000000 0.000000 0.000000 0.000000 0.000000 0.000000 0.000000 0.000000 0.000005 0.000000 0.000000 0.000006 0.000000 0.000000 0.000000 0.000000 0.000002 0.000000 0.000000 0.000000
0.000000 0.000000 0.000000 0.000012 0.000000 0.000004 0.000009 0.000002 0.000345 0.000031 0.000037 0.000000 0.000000 0.000000 0.000002 0.000003 0.000000 0.000078 0.075931 0.003272 0.000002 0.000001 0.000437 0.000000 0.000000 0.058691 0.002524 0.000000 0.000016 0.000010 0.000000 0.000004 0.000000 0.000000 0.000000 0.000000 0.000002 0.000013 0.000000 0.000000 0.000145 0.000000 0.000002 0.000412 0.000462 0.000000 0.000000 0.000073 0.000128 0.000004 0.000128 0.000004 0.000000 0.000054 0.156325 0.224842 0.016683 0.018080 0.000527 0.000006 0.000300 0.000000 0.000000 0.000002 0.002460 0.000110 0.000046 0.003361 0.000013 0.000002 0.000037 0.000000 0.270694 0.000000 0.000000 0.000000 0.000000 0.000000 0.000000 0.000000 0.000000 0.000000 0.000000 0.000000 0.000000 0.000000 0.000000 0.000000 0.000000 0.000000 0.000000 0.000000 0.000000 0.000000 0.000000 0.000000 0.000002 0.000000 0.000000 0.000000 0.000000 0.000000 0.000000 0.000000 0.000000 0.000000 0.000000 0.000000 0.000000 0.000000 0.000000 0.000000 0.000000 0.000000 0.000002 0.000000 0.000000 0.000000 0.000000 0.000000 0.000000 0.000000 0.000000 0.000000 0.000000 0.000000 0.000000 0.000000 0.000000 0.000000 0.000000 0.000000 0.000000 0.000000 0.000000 0.000000 0.000000 0.000000 0.000000 0.000000 0.000000 0.000000 0.000000 0.000000 0.000000 0.000000 0.000000 0.000000
0.000010 0.000000 0.000003 0.177436 0.000007 0.000240 0.000375 0.000383 0.001481 0.001130 0.000000 0.000016 0.000000 0.000002 0.000063 0.000048 0.000657 0.000831 0.000138 0.000004 0.000002 0.000063 0.001896 0.000004 0.058691 0.000000 0.000083 0.027039 0.000228 0.000357 0.000000 0.000303 0.000797 0.039081 0.000051 0.163080 0.000000 0.003222 0.000006 0.000031 0.208513 0.000000 0.000124 0.003836 0.018733 0.000012 0.000127 0.000850 0.004275 0.000004 0.000091 0.000421 0.000032 0.001991 0.198629 0.071358 0.000142 0.000125 0.000051 0.000015 0.000091 0.000000 0.000077 0.000011 0.001762 0.004103 0.260987 0.004459 0.002684 0.000018 0.000919 0.000002 0.016345 0.000758 0.000000 0.000000 0.000000 0.000000 0.000000 0.000000 0.000000 0.000000 0.000003 0.000000 0.000000 0.000000 0.000000 0.000000 0.000000 0.000000 0.000000 0.000000 0.000000 0.000000 0.000003 0.000002 0.000000 0.000000 0.000000 0.000000 0.000000 0.000000 0.000000 0.000000 0.000000 0.000006 0.000000 0.000000 0.000000 0.000000 0.000000 0.000000 0.000000 0.000000 0.000014 0.000000 0.000000 0.000000 0.000000 0.000000 0.000000 0.000004 0.000002 0.000000 0.000003 0.000000 0.000000 0.000000 0.000000 0.000002 0.000000 0.000000 0.000000 0.000000 0.000001 0.000000 0.000003 0.000000 0.000000 0.000082 0.000002 0.000000 0.000000 0.000000 0.000000 0.000000 0.000000 0.000000
0.000000 0.000000 0.043384 0.000000 0.000000 0.000004 0.000009 0.000002 0.000144 0.000023 0.000094 0.000000 0.000000 0.000000 0.000000 0.000000 0.000000 0.000000 0.000006 0.046885 0.000000 0.000000 0.000000 0.000000 0.002524 0.000083 0.000000 0.000019 0.000022 0.320235 0.000000 0.000000 0.000000 0.000000 0.000000 0.000000 0.000000 0.000000 0.000000 0.000000 0.000049 0.000000 0.000000 0.000014 0.000117 0.004840 0.000005 0.000017 0.000011 0.000000 0.000000 0.000002 0.000000 0.000002 0.000746 0.328210 0.000001 0.000022 0.000000 0.000000 0.000000 0.000000 0.000000 0.000000 0.090510 0.000062 0.110051 0.000000 0.000029 0.000000 0.039771 0.000000 0.000000 0.000000 0.000000 0.000000 0.000000 0.000000 0.000000 0.000000 0.000000 0.000000 0.000000 0.000000 0.000012 0.000000 0.000000 0.000000 0.000000 0.000000 0.000000 0.000000 0.000000 0.000027 0.000000 0.000000 0.000000 0.000000 0.000000 0.000000 0.000015 0.000000 0.000000 0.000576 0.000000 0.000000 0.000000 0.000000 0.000000 0.000000 0.000000 0.000000 0.000000 0.000000 0.000000 0.000000 0.000000 0.000000 0.000000 0.000001 0.000000 0.000000 0.000000 0.000000 0.000000 0.000000 0.000000 0.000000 0.000000 0.000000 0.000000 0.000000 0.000000 0.000000 0.000000 0.000000 0.000000 0.000000 0.000003 0.000003 0.000000 0.000000 0.000000 0.000000 0.000004 0.000000 0.000000 0.000000
0.000000 0.000000 0.095745 0.115792 0.000000 0.000000 0.000000 0.000010 0.000220 0.000000 0.000000 0.000000 0.000000 0.000000 0.000000 0.000006 0.000000 0.000000 0.000000 0.000000 0.000000 0.000000 0.000000 0.000000 0.000000 0.027039 0.000019 0.000000 0.036086 0.000000 0.000000 0.000000 0.000000 0.000000 0.000000 0.000000 0.000000 0.000000 0.000000 0.000000 0.000002 0.000000 0.000000 0.000000 0.278452 0.060043 0.000002 0.000002 0.000007 0.000000 0.000000 0.000002 0.000000 0.000005 0.000000 0.000186 0.000000 0.000000 0.000000 0.000000 0.000000 0.000000 0.000000 0.000000 0.000004 0.000010 0.224119 0.000000 0.000046 0.000000 0.000040 0.000000 0.000000 0.000000 0.000000 0.000000 0.000000 0.000000 0.000000 0.000000 0.000000 0.000000 0.000000 0.000000 0.000000 0.000000 0.000000 0.000000 0.000000 0.000000 0.000000 0.000000 0.000000 0.000000 0.000000 0.000000 0.000000 0.000000 0.000000 0.000000 0.000000 0.000000 0.000000 0.000000 0.000000 0.000000 0.000000 0.000000 0.000000 0.000000 0.000000 0.000000 0.000000 0.000000 0.000000 0.000000 0.000000 0.000000 0.000000 0.000000 0.000000 0.000000 0.000000 0.000000 0.000000 0.000000 0.000000 0.000000 0.000000 0.000000 0.000000 0.000000 0.000000 0.000000 0.000000 0.000000 0.000000 0.000000 0.000000 0.000000 0.000000 0.000000 0.000000 0.000000 0.000000 0.000000 0.000000 0.000000
0.000002 0.000000 0.059815 0.038467 0.000005 0.000047 0.000023 0.031737 0.000789 0.000040 0.000000 0.032354 0.000000 0.000041 0.027717 0.013356 0.000160 0.000484 0.000079 0.000000 0.000000 0.000000 0.000007 0.000000 0.000016 0.000228 0.000022 0.036086 0.000000 0.000021 0.000000 0.000048 0.000000 0.000002 0.000000 0.000000 0.000000 0.000000 0.000000 0.000014 0.000227 0.000000 0.000000 0.000042 0.269275 0.004315 0.000070 0.001220 0.001252 0.000000 0.000000 0.007551 0.000013 0.001574 0.000156 0.000853 0.000009 0.000014 0.000002 0.000000 0.000000 0.000000 0.000005 0.000002 0.000230 0.001675 0.005552 0.189343 0.246123 0.000005 0.000392 0.000000 0.000050 0.000000 0.000000 0.000000 0.000000 0.000000 0.000000 0.000002 0.000000 0.000000 0.000004 0.000000 0.000000 0.000000 0.000000 0.000000 0.000000 0.000000 0.000000 0.000000 0.000000 0.000000 0.000000 0.000000 0.000000 0.000000 0.000000 0.000004 0.000002 0.000000 0.000000 0.000000 0.000000 0.000000 0.000000 0.000000 0.000000 0.000002 0.000000 0.000000 0.000000 0.000000 0.000007 0.000000 0.000000 0.000000 0.000000 0.000000 0.000000 0.000000 0.000000 0.000000 0.000000 0.000000 0.000000 0.000000 0.000000 0.000000 0.000000 0.000000 0.000000 0.000000 0.000000 0.000000 0.000000 0.000000 0.000000 0.000021 0.000000 0.000000 0.000000 0.000000 0.000000 0.000000 0.000000 0.000000
0.000000 0.000000 0.032931 0.000004 0.000000 0.000006 0.000154 0.000048 0.022848 0.053295 0.015055 0.000000 0.000000 0.000000 0.000000 0.000000 0.000011 0.000607 0.000062 0.003370 0.000000 0.001017 0.000027 0.000002 0.000010 0.000357 0.320235 0.000000 0.000021 0.000000 0.000000 0.000090 0.000000 0.000000 0.000003 0.000000 0.000000 0.000000 0.000000 0.000000 0.000208 0.000000 0.000005 0.008458 0.000201 0.148466 0.000004 0.000122 0.000349 0.000000 0.000002 0.000002 0.000000 0.000013 0.000345 0.012866 0.000097 0.000025 0.000002 0.000002 0.000004 0.000000 0.000000 0.000003 0.207542 0.019952 0.013609 0.000018 0.000024 0.000002 0.211584 0.000000 0.000229 0.000006 0.000000 0.000000 0.000000 0.000000 0.000000 0.000000 0.000000 0.000002 0.012237 0.006240 0.014061 0.000000 0.000000 0.000000 0.000000 0.000000 0.000000 0.000000 0.000000 0.000308 0.000000 0.001052 0.000000 0.000000 0.000000 0.000003 0.000216 0.000000 0.000000 0.056041 0.000000 0.000000 0.000000 0.000000 0.000002 0.000000 0.000000 0.000000 0.000000 0.000000 0.000078 0.000000 0.000000 0.000002 0.000000 0.000014 0.000000 0.000011 0.000000 0.000000 0.000003 0.000000 0.000000 0.000000 0.000000 0.000006 0.000000 0.000000 0.000000 0.000000 0.000002 0.000000 0.000000 0.000000 0.001078 0.002956 0.000000 0.000000 0.000000 0.000000 0.010574 0.000000 0.000002 0.000000
