0.000000 0.000000 0.000000 0.000000 0.000000 0.000000 0.000000 0.000000 0.000008 0.000103 0.000000 0.000000 0.000000 0.000000 0.000000 0.000000 0.000000 0.190011 0.000097 0.107987 0.064544 0.000052 0.000000 0.000123 0.000008 0.000000 0.000000 0.000000 0.000000 0.000000 0.000018 0.000017 0.000007 0.000000 0.000008 0.011215 0.000071 0.000000 0.012870 0.000003 0.000000 0.000000 0.000000 0.000000 0.000073 0.227707 0.000000 0.000000 0.000000 0.000000 0.000043 0.136601 0.001387 0.123779 0.009786 0.018329 0.000000 0.000009 0.000000 0.000194 0.000000 0.000000 0.000008 0.000000 0.000000 0.000000 0.000000 0.000000 0.000000 0.000000 0.000000 0.000000 0.000000 0.000000 0.000000 0.000021 0.000139 0.000000 0.000000 0.000000 0.000000 0.000000 0.000000 0.000000 0.000000 0.000000 0.000248 0.000439 0.000000 0.000000 0.000000 0.000000 0.000000 0.000000 0.000000 0.000000 0.000000 0.000000 0.000000 0.000000 0.000000 0.000000 0.000000 0.000000 0.000000 0.000000 0.000000 0.000000 0.000000 0.000000 0.000000 0.000000 0.000082 0.000000 0.000000 0.000000 0.000000 0.000000 0.000000 0.000008 0.000000 0.000000 0.000045 0.000000 0.000000 0.000000 0.000000 0.000000 0.000000 0.000000 0.000000 0.000000 0.000000 0.000000
0.000000 0.000000 0.000000 0.000000 0.000028 0.000018 0.020839 0.000617 0.000000 0.000000 0.000000 0.000000 0.000000 0.000000 0.208809 0.000000 0.000009 0.000000 0.000000 0.000000 0.000000 0.000000 0.000000 0.000000 0.000000 0.051463 0.064624 0.101931 0.026751 0.000000 0.000000 0.000000 0.000000 0.000000 0.000000 0.000000 0.000000 0.000000 0.000000 0.087122 0.124621 0.000000 0.000000 0.000018 0.000000 0.000000 0.000000 0.000000 0.000018 0.000000 0.000000 0.000000 0.000000 0.000000 0.000000 0.000000 0.000000 0.000000 0.000000 0.000000 0.000166 0.036486 0.000000 0.000000 0.000000 0.001294 0.000000 0.000000 0.003445 0.000000 0.000000 0.000000 0.000000 0.000041 0.000127 0.000000 0.000000 0.000000 0.000000 0.000000 0.000000 0.000308 0.000000 0.000000 0.000000 0.000000 0.000000 0.000000 0.000000 0.000000 0.000000 0.000000 0.000000 0.000000 0.000009 0.004475 0.000000 0.000000 0.000000 0.000000 0.000000 0.000000 0.000000 0.000000 0.000000 0.000000 0.000000 0.005402 0.000000 0.000000 0.000000 0.000000 0.000000 0.000000 0.000000 0.000000 0.000000 0.000000 0.000000 0.000000 0.000000 0.000000 0.000000 0.000000 0.000000 0.000000 0.000000 0.000000 0.000000 0.000000 0.000000 0.000000 0.000080 0.000000
0.000000 0.000000 0.000000 0.000000 0.000018 0.000027 0.000009 0.000000 0.000000 0.000000 0.159835 0.000000 0.000066 0.000000 0.000009 0.001167 0.000578 0.000000 0.000000 0.000000 0.000000 0.000000 0.000000 0.000000 0.218607 0.000009 0.081857 0.034756 0.000000 0.000000 0.000000 0.002511 0.001902 0.000000 0.000689 0.000000 0.000125 0.000000 0.000036 0.118051 0.000000 0.000000 0.000561 0.133089 0.000000 0.000000 0.000062 0.000006 0.000074 0.000000 0.000116 0.000000 0.000009 0.000000 0.000000 0.000000 0.000000 0.000000 0.000000 0.000079 0.000071 0.019859 0.014868 0.000098 0.000000 0.000000 0.000000 0.000000 0.000000 0.000000 0.000000 0.000000 0.000000 0.000000 0.000000 0.000000 0.000000 0.000000 0.000000 0.000000 0.000000 0.000000 0.000000 0.000000 0.000000 0.000000 0.000000 0.000000 0.000000 0.000000 0.000000 0.000000 0.000000 0.000000 0.000000 0.000000 0.000000 0.000000 0.000000 0.000000 0.000000 0.000000 0.000000 0.000000 0.000000 0.000000 0.000000 0.000000 0.000000 0.000000 0.000000 0.000000 0.000000 0.000000 0.000000 0.000000 0.000000 0.000000 0.000000 0.000000 0.000000 0.000000 0.000000 0.000000 0.000000 0.000000 0.000000 0.000000 0.000000 0.000000 0.000000 0.000000 0.000000 0.000000
0.000000 0.000000 0.000000 0.000000 0.097975 0.000040 0.000000 0.000000 0.000000 0.000000 0.000013 0.000022 0.000035 0.035912 0.183540 0.000013 0.000923 0.000000 0.000000 0.000000 0.000000 0.000000 0.011782 0.000000 0.000000 0.000000 0.000000 0.000000 0.000000 0.150730 0.000594 0.000000 0.000000 0.000000 0.000000 0.000000 0.000000 0.000166 0.000004 0.000040 0.000000 0.000721 0.000027 0.008713 0.000000 0.000000 0.012385 0.111878 0.000071 0.000000 0.000000 0.000000 0.000000 0.000000 0.000000 0.000000 0.009623 0.010102 0.024053 0.000009 0.000139 0.000000 0.000040 0.000000 0.097187 0.000000 0.000006 0.000000 0.000000 0.000000 0.000167 0.000208 0.000000 0.000000 0.000000 0.000000 0.000000 0.000000 0.000000 0.000000 0.000000 0.000952 0.000000 0.000000 0.000000 0.000000 0.000000 0.000000 0.000000 0.000027 0.000000 0.000000 0.000000 0.000000 0.000000 0.000000 0.000155 0.000013 0.000000 0.000000 0.000000 0.000000 0.000000 0.000000 0.000000 0.000000 0.000000 0.000000 0.000000 0.000000 0.000000 0.000000 0.000000 0.000000 0.000000 0.000000 0.000000 0.000000 0.000000 0.000000 0.000000 0.000000 0.000000 0.000000 0.000067 0.000000 0.000000 0.000188 0.000000 0.000000 0.000000 0.000109 0.000000 0.000000
0.000000 0.000028 0.000018 0.097975 0.000000 0.091142 0.009317 0.001853 0.000006 0.000000 0.000477 0.000000 0.000071 0.012973 0.163978 0.000065 0.003652 0.000000 0.000000 0.000000 0.000000 0.000000 0.002719 0.000032 0.000061 0.000006 0.000240 0.000221 0.000000 0.002955 0.060238 0.000000 0.000015 0.000000 0.000069 0.000000 0.000000 0.000068 0.000093 0.001358 0.000118 0.001287 0.000129 0.023615 0.000000 0.000006 0.052298 0.052534 0.029760 0.000000 0.000129 0.000119 0.000036 0.000000 0.000000 0.000000 0.000400 0.029216 0.009280 0.000811 0.152406 0.000654 0.004181 0.001102 0.216995 0.000459 0.000036 0.000000 0.000000 0.000008 0.000141 0.020154 0.001006 0.000114 0.000000 0.000000 0.000000 0.000000 0.000000 0.000000 0.000000 0.002533 0.000000 0.000000 0.000000 0.000000 0.000000 0.000000 0.000000 0.000013 0.000000 0.000000 0.000000 0.000000 0.000000 0.000000 0.000296 0.000762 0.000000 0.000000 0.000000 0.000000 0.000000 0.000000 0.000000 0.000000 0.000011 0.000000 0.000000 0.000008 0.000000 0.000000 0.000000 0.000007 0.000006 0.000000 0.000000 0.000000 0.000000 0.000000 0.000000 0.000000 0.000000 0.000000 0.000000 0.000000 0.000000 0.030762 0.000000 0.000006 0.000000 0.000164 0.000000 0.000000
0.000000 0.000018 0.000027 0.000040 0.091142 0.000000 0.173847 0.016572 0.000027 0.000000 0.000008 0.000000 0.000000 0.000169 0.226534 0.000023 0.000756 0.000000 0.000000 0.000000 0.000000 0.000000 0.000000 0.000009 0.000054 0.000069 0.000132 0.000631 0.000000 0.000000 0.000032 0.000000 0.000007 0.000000 0.000000 0.000000 0.000000 0.000000 0.000011 0.001686 0.000397 0.000054 0.000107 0.004786 0.000000 0.000000 0.002957 0.000171 0.113639 0.000000 0.000754 0.000000 0.000000 0.000000 0.000000 0.000000 0.000000 0.000000 0.000000 0.000027 0.124823 0.000510 0.002568 0.001110 0.000000 0.000358 0.000000 0.000000 0.000000 0.000000 0.000000 0.001401 0.006204 0.006515 0.000023 0.000000 0.000000 0.000000 0.000000 0.000000 0.000000 0.000038 0.000000 0.000000 0.000000 0.000000 0.000000 0.000000 0.000000 0.000000 0.000000 0.000000 0.000000 0.000000 0.000000 0.000000 0.000000 0.000008 0.000000 0.000000 0.000000 0.000000 0.000000 0.000000 0.000000 0.000000 0.000000 0.000000 0.000000 0.000000 0.000000 0.000000 0.000000 0.000000 0.000000 0.000000 0.000000 0.000000 0.000000 0.000000 0.000000 0.000000 0.000000 0.000000 0.000000 0.000000 0.000000 0.011604 0.000000 0.000000 0.000000 0.000000 0.000000 0.000000
0.000000 0.020839 0.000009 0.000000 0.009317 0.173847 0.000000 0.113801 0.000027 0.000000 0.000000 0.000000 0.000000 0.000000 0.133968 0.000066 0.000171 0.000000 0.000000 0.000000 0.000000 0.000000 0.000000 0.000000 0.000008 0.000023 0.000065 0.113835 0.000005 0.000000 0.000000 0.000000 0.000000 0.000000 0.000000 0.000000 0.000000 0.000000 0.000000 0.046641 0.099403 0.000000 0.000047 0.000909 0.000000 0.000000 0.000008 0.000000 0.043210 0.000000 0.000341 0.000000 0.000000 0.000000 0.000000 0.000000 0.000000 0.000000 0.000000 0.000000 0.094462 0.000329 0.000030 0.021095 0.000000 0.000323 0.000000 0.000000 0.000305 0.000000 0.000000 0.000023 0.000637 0.004917 0.002169 0.000000 0.000000 0.000000 0.000000 0.000000 0.000000 0.000293 0.000000 0.000008 0.000000 0.000000 0.000000 0.000000 0.000000 0.000000 0.000000 0.000000 0.000000 0.000000 0.000000 0.000000 0.000000 0.000000 0.000000 0.000000 0.000000 0.000000 0.000000 0.000000 0.000000 0.000000 0.000000 0.000415 0.000000 0.000000 0.000000 0.000000 0.000000 0.000000 0.000000 0.000000 0.000000 0.000000 0.000000 0.000000 0.000000 0.000000 0.000000 0.000000 0.000000 0.000000 0.000000 0.004621 0.000000 0.000000 0.000000 0.000000 0.000271 0.000000
0.000000 0.000617 0.000000 0.000000 0.001853 0.016572 0.113801 0.000000 0.072295 0.000000 0.000000 0.000000 0.000000 0.000000 0.000222 0.000000 0.000335 0.000000 0.000000 0.000000 0.001112 0.000045 0.000000 0.001902 0.000296 0.000216 0.001534 0.001307 0.037077 0.000000 0.000000 0.000187 0.000037 0.000000 0.001730 0.000000 0.000024 0.000000 0.002435 0.005529 0.096503 0.000000 0.000321 0.000262 0.000000 0.000000 0.000036 0.000000 0.000386 0.000413 0.014132 0.000039 0.000167 0.000038 0.000000 0.000036 0.000000 0.000000 0.000000 0.002428 0.182727 0.009428 0.000096 0.000303 0.000000 0.263795 0.000000 0.000000 0.000034 0.000000 0.000000 0.000051 0.000146 0.000300 0.067877 0.004998 0.000000 0.000000 0.000000 0.000000 0.000000 0.000019 0.000000 0.000021 0.000000 0.000000 0.000000 0.000021 0.000048 0.000000 0.000000 0.000017 0.000000 0.000000 0.000000 0.001651 0.000000 0.000000 0.000019 0.000000 0.000000 0.000000 0.000000 0.000000 0.000000 0.000000 0.000000 0.000380 0.000000 0.000030 0.000005 0.000000 0.000000 0.000000 0.000000 0.000000 0.000000 0.000000 0.000000 0.000000 0.000000 0.000000 0.000000 0.000000 0.000000 0.000000 0.000000 0.010438 0.000000 0.000000 0.000000 0.000000 0.006145 0.000000
0.000008 0.000000 0.000000 0.000000 0.000006 0.000027 0.000027 0.072295 0.000000 0.000000 0.000013 0.000000 0.000000 0.000000 0.000000 0.000036 0.013171 0.000000 0.000000 0.000000 0.009364 0.063778 0.000031 0.000134 0.000089 0.000054 0.000040 0.000031 0.064054 0.000000 0.001212 0.000149 0.000087 0.000000 0.000222 0.000007 0.000563 0.000000 0.079046 0.000272 0.000000 0.000013 0.005057 0.000862 0.000000 0.000000 0.000000 0.000000 0.000018 0.000000 0.000345 0.000017 0.000000 0.001152 0.000000 0.002461 0.000000 0.000108 0.000000 0.006354 0.237180 0.001477 0.000027 0.000022 0.000000 0.000076 0.000000 0.000000 0.000000 0.000000 0.000000 0.000000 0.000000 0.000000 0.002207 0.085441 0.000000 0.000000 0.000000 0.000000 0.000000 0.000000 0.000000 0.000937 0.000000 0.000000 0.000051 0.000457 0.000225 0.000000 0.000007 0.000063 0.000000 0.000000 0.000000 0.000069 0.000013 0.000013 0.000052 0.000000 0.000000 0.000022 0.000000 0.000000 0.000000 0.000000 0.000013 0.000000 0.000013 0.000172 0.000320 0.000000 0.000000 0.000000 0.000000 0.000000 0.000000 0.000138 0.000000 0.000007 0.000000 0.000000 0.000062 0.000000 0.000000 0.000000 0.000000 0.075512 0.000094 0.000040 0.000013 0.000000 0.000189 0.000000
0.000103 0.000000 0.000000 0.000000 0.000000 0.000000 0.000000 0.000000 0.000000 0.000000 0.000000 0.000000 0.000000 0.000000 0.000000 0.000000 0.000000 0.001079 0.443807 0.000000 0.009317 0.000000 0.000000 0.000000 0.000000 0.001514 0.000000 0.000000 0.031883 0.000000 0.000000 0.000000 0.000000 0.000000 0.000000 0.000000 0.000000 0.000000 0.251029 0.000000 0.000000 0.000000 0.000000 0.000000 0.000000 0.000904 0.000000 0.000000 0.000000 0.000000 0.000000 0.003411 0.006894 0.000000 0.000000 0.000000 0.000000 0.000000 0.000000 0.157439 0.000000 0.000000 0.000000 0.000000 0.000000 0.000000 0.000000 0.000000 0.000000 0.000000 0.000000 0.000000 0.000000 0.000000 0.000000 0.000000 0.047014 0.000000 0.000000 0.000000 0.000000 0.000000 0.000000 0.000000 0.000000 0.000114 0.000000 0.002383 0.000000 0.000000 0.000000 0.000000 0.000000 0.000000 0.000000 0.001989 0.000000 0.000000 0.000000 0.000000 0.000000 0.000000 0.000000 0.000000 0.000000 0.000000 0.000000 0.000000 0.000000 0.000000 0.000000 0.000000 0.000000 0.000000 0.000000 0.000000 0.000000 0.000000 0.000014 0.000397 0.000000 0.000000 0.000000 0.000000 0.000000 0.000000 0.003997 0.000000 0.000000 0.000000 0.000000 0.000000 0.000000 0.000000
0.000000 0.000000 0.159835 0.000013 0.000477 0.000008 0.000000 0.000000 0.000013 0.000000 0.000000 0.000384 0.105441 0.001233 0.000008 0.000285 0.007113 0.000008 0.000000 0.000000 0.000000 0.000000 0.000093 0.000008 0.001834 0.000000 0.000000 0.024945 0.000000 0.000000 0.000008 0.000438 0.000910 0.000000 0.000042 0.000000 0.000008 0.002334 0.000223 0.009434 0.000000 0.002888 0.000287 0.183406 0.000000 0.000008 0.172034 0.000342 0.000017 0.000000 0.000015 0.000023 0.000069 0.000015 0.000000 0.000000 0.000052 0.000000 0.000465 0.000313 0.000060 0.000142 0.183951 0.000000 0.000052 0.000000 0.000000 0.000000 0.000000 0.000000 0.000000 0.000000 0.000000 0.000000 0.000000 0.000000 0.000000 0.000000 0.000000 0.000000 0.000000 0.000000 0.000000 0.000000 0.000000 0.000000 0.000000 0.000000 0.000000 0.000000 0.000000 0.000000 0.000000 0.000000 0.000000 0.000000 0.000000 0.000000 0.000000 0.000000 0.000000 0.000000 0.000000 0.000000 0.000000 0.000000 0.000000 0.000000 0.000000 0.000000 0.000000 0.000000 0.000000 0.000000 0.000000 0.000000 0.000000 0.000000 0.000000 0.000000 0.000000 0.000000 0.000000 0.000000 0.000000 0.000000 0.000000 0.000000 0.000000 0.000000 0.000000 0.000000 0.000000 0.000000
0.000000 0.000000 0.000000 0.000022 0.000000 0.000000 0.000000 0.000000 0.000000 0.000000 0.000384 0.000000 0.085067 0.000000 0.000000 0.000156 0.002658 0.000000 0.000000 0.000000 0.000000 0.000000 0.279810 0.000000 0.000000 0.000000 0.000000 0.000000 0.000000 0.000000 0.000059 0.000000 0.000282 0.000037 0.000000 0.000000 0.000000 0.221436 0.000000 0.000000 0.000000 0.053817 0.000008 0.002401 0.000000 0.000000 0.000650 0.000044 0.000000 0.000000 0.000000 0.000000 0.000000 0.000000 0.000000 0.000000 0.026440 0.000009 0.014688 0.000000 0.000000 0.000000 0.000000 0.000000 0.000088 0.000000 0.000000 0.000000 0.000000 0.000000 0.000000 0.000000 0.000000 0.000000 0.000000 0.000000 0.000000 0.000000 0.000000 0.000000 0.000000 0.000000 0.000000 0.000000 0.000000 0.000000 0.000000 0.000000 0.000000 0.000000 0.000000 0.000000 0.000000 0.000000 0.000000 0.000000 0.000000 0.000000 0.000000 0.000000 0.000000 0.000000 0.000000 0.000000 0.000000 0.000000 0.000000 0.000000 0.000000 0.000000 0.000000 0.000000 0.000000 0.000000 0.000000 0.000000 0.000000 0.000000 0.000000 0.000000 0.000000 0.000000 0.000000 0.000000 0.000000 0.000000 0.000000 0.000000 0.000000 0.000000 0.000000 0.000000 0.000000 0.000000
0.000000 0.000000 0.000066 0.000035 0.000071 0.000000 0.000000 0.000000 0.000000 0.000000 0.105441 0.085067 0.000000 0.003972 0.000022 0.000000 0.002404 0.000000 0.000000 0.000000 0.000000 0.000000 0.016766 0.000009 0.000343 0.000000 0.000000 0.000015 0.000000 0.000000 0.000112 0.000000 0.000022 0.000000 0.000000 0.000000 0.000000 0.227829 0.000092 0.000037 0.000000 0.006360 0.000023 0.089743 0.000000 0.000000 0.189189 0.000071 0.000000 0.000000 0.000000 0.000023 0.000027 0.000000 0.000000 0.000000 0.238434 0.000049 0.028549 0.000120 0.000000 0.000014 0.004005 0.000011 0.000202 0.000000 0.000000 0.000000 0.000000 0.000000 0.000000 0.000000 0.000000 0.000000 0.000000 0.000000 0.000000 0.000000 0.000000 0.000000 0.000000 0.000000 0.000000 0.000000 0.000000 0.000000 0.000000 0.000000 0.000000 0.000000 0.000000 0.000000 0.000000 0.000000 0.000000 0.000000 0.000000 0.000000 0.000000 0.000000 0.000000 0.000000 0.000000 0.000000 0.000000 0.000000 0.000000 0.000000 0.000000 0.000000 0.000000 0.000000 0.000000 0.000000 0.000000 0.000000 0.000000 0.000000 0.000000 0.000000 0.000000 0.000000 0.000000 0.000000 0.000000 0.000000 0.000000 0.000011 0.000000 0.000000 0.000000 0.000000 0.000000 0.000000
0.000000 0.000000 0.000000 0.035912 0.012973 0.000169 0.000000 0.000000 0.000000 0.000000 0.001233 0.000000 0.003972 0.000000 0.058949 0.000006 0.000035 0.000000 0.000000 0.000000 0.000000 0.000000 0.034920 0.000009 0.000003 0.000000 0.000003 0.007099 0.000000 0.000000 0.000000 0.000000 0.000000 0.000000 0.000000 0.000000 0.000000 0.000000 0.000004 0.000391 0.000000 0.000010 0.000000 0.001848 0.000000 0.000000 0.331343 0.373318 0.176119 0.000000 0.000000 0.000000 0.000003 0.000000 0.000000 0.000000 0.096564 0.000000 0.000016 0.000024 0.000615 0.000003 0.067391 0.060654 0.000000 0.000000 0.000000 0.000000 0.000000 0.000000 0.000000 0.000003 0.000000 0.000000 0.000000 0.000000 0.000000 0.000000 0.000000 0.000000 0.000000 0.000000 0.000000 0.000000 0.000000 0.000000 0.000000 0.000000 0.000000 0.000000 0.000000 0.000000 0.000000 0.000000 0.000000 0.000000 0.000000 0.000000 0.000000 0.000000 0.000000 0.000000 0.000000 0.000000 0.000000 0.000000 0.000000 0.000000 0.000000 0.000000 0.000000 0.000000 0.000000 0.000000 0.000000 0.000000 0.000000 0.000000 0.000000 0.000000 0.000000 0.000000 0.000000 0.000000 0.000000 0.000000 0.000000 0.000023 0.000000 0.000000 0.000000 0.000000 0.000000 0.000000
0.000000 0.208809 0.000009 0.183540 0.163978 0.226534 0.133968 0.000222 0.000000 0.000000 0.000008 0.000000 0.000022 0.058949 0.000000 0.000007 0.000044 0.000000 0.000000 0.000000 0.000000 0.000000 0.000021 0.000000 0.000000 0.000000 0.000000 0.047251 0.000000 0.000003 0.000022 0.000000 0.000000 0.000000 0.000000 0.000000 0.000000 0.000000 0.000004 0.000692 0.013164 0.000123 0.000003 0.002045 0.000000 0.000000 0.001071 0.017012 0.308094 0.000000 0.000017 0.000000 0.000000 0.000000 0.000000 0.000000 0.000013 0.000003 0.000160 0.000038 0.000351 0.000027 0.000144 0.032253 0.024129 0.000012 0.000000 0.000000 0.003549 0.000000 0.000504 0.015499 0.002564 0.002762 0.000304 0.000000 0.000000 0.000000 0.000000 0.000000 0.000000 0.033651 0.000000 0.000000 0.000000 0.000000 0.000000 0.000000 0.000000 0.000000 0.000000 0.000000 0.000000 0.000000 0.000007 0.000000 0.000000 0.000000 0.000000 0.000000 0.000000 0.000000 0.000000 0.000000 0.000000 0.000000 0.000000 0.001075 0.000000 0.000000 0.000000 0.000000 0.000000 0.000000 0.000000 0.000000 0.000000 0.000000 0.000000 0.000000 0.000000 0.000000 0.000000 0.000000 0.000000 0.000000 0.000000 0.000377 0.000000 0.000000 0.000000 0.000000 0.000020 0.000000
0.000000 0.000000 0.001167 0.000013 0.000065 0.000023 0.000066 0.000000 0.000036 0.000000 0.000285 0.000156 0.000000 0.000006 0.000007 0.000000 0.278775 0.000000 0.000000 0.000000 0.000000 0.044788 0.002096 0.000136 0.000563 0.000011 0.000259 0.000395 0.000000 0.000000 0.017188 0.001279 0.000389 0.120276 0.000022 0.000000 0.000130 0.000000 0.000101 0.000551 0.000000 0.000242 0.195350 0.150520 0.000000 0.000000 0.000038 0.000055 0.000041 0.000011 0.000189 0.000011 0.000000 0.000034 0.000000 0.000011 0.000000 0.000123 0.000056 0.000043 0.000177 0.002836 0.000063 0.000833 0.000000 0.000008 0.000000 0.000000 0.000000 0.000000 0.000000 0.000000 0.000000 0.000000 0.000000 0.000000 0.000000 0.000000 0.000000 0.000000 0.000000 0.000000 0.000000 0.000000 0.000000 0.000000 0.000000 0.000000 0.000000 0.000000 0.000000 0.000000 0.000000 0.000000 0.000000 0.000000 0.000000 0.000000 0.000000 0.000000 0.000000 0.000000 0.000000 0.000000 0.000000 0.000000 0.000000 0.000000 0.000000 0.000000 0.000000 0.000000 0.000000 0.000000 0.000000 0.000000 0.000000 0.000000 0.000000 0.000000 0.000000 0.000000 0.000000 0.000000 0.000000 0.000000 0.000000 0.000000 0.000000 0.000000 0.000000 0.000000 0.000000 0.000000
0.000000 0.000009 0.000578 0.000923 0.003652 0.000756 0.000171 0.000335 0.013171 0.000000 0.007113 0.002658 0.002404 0.000035 0.000044 0.278775 0.000000 0.000000 0.000000 0.000000 0.000000 0.011852 0.048098 0.000188 0.000309 0.000000 0.000201 0.000668 0.000023 0.000194 0.166933 0.000348 0.000866 0.003321 0.000387 0.000000 0.000048 0.000234 0.000182 0.001249 0.000008 0.194929 0.101721 0.188416 0.000000 0.000000 0.000835 0.001276 0.000792 0.000000 0.000522 0.000049 0.000071 0.000058 0.000000 0.000014 0.000036 0.014700 0.003519 0.000222 0.011516 0.001657 0.000956 0.003683 0.000617 0.000082 0.000000 0.000000 0.000000 0.000000 0.000000 0.000000 0.000000 0.000039 0.000059 0.000491 0.000000 0.000000 0.000000 0.000000 0.000000 0.000000 0.000011 0.000009 0.000000 0.000000 0.000000 0.000000 0.000023 0.000000 0.000000 0.000000 0.000000 0.000000 0.000000 0.000000 0.000000 0.000088 0.000000 0.000000 0.000000 0.000000 0.000000 0.000000 0.000000 0.000000 0.000000 0.000000 0.000000 0.000023 0.000000 0.000000 0.000000 0.000000 0.000000 0.000000 0.000000 0.000000 0.000000 0.000000 0.000011 0.000000 0.000000 0.000000 0.000000 0.000000 0.000000 0.000327 0.000000 0.000000 0.000000 0.000000 0.000000 0.000000
0.190011 0.000000 0.000000 0.000000 0.000000 0.000000 0.000000 0.000000 0.000000 0.001079 0.000008 0.000000 0.000000 0.000000 0.000000 0.000000 0.000000 0.000000 0.018512 0.001016 0.000093 0.000014 0.000000 0.114890 0.000023 0.000000 0.000000 0.000000 0.000000 0.000000 0.000000 0.000217 0.000007 0.000000 0.000032 0.000642 0.000021 0.000000 0.002591 0.000043 0.000000 0.000000 0.000151 0.000005 0.000036 0.002605 0.000000 0.000000 0.000000 0.000000 0.000053 0.422218 0.242478 0.097166 0.000293 0.000914 0.000000 0.000000 0.000000 0.000222 0.000000 0.000015 0.000005 0.000000 0.000000 0.000014 0.000000 0.000000 0.000000 0.000000 0.000000 0.000000 0.000000 0.000000 0.000000 0.000000 0.000005 0.000000 0.000000 0.000000 0.000000 0.000000 0.000000 0.000000 0.000000 0.000000 0.000000 0.000000 0.000000 0.000000 0.000000 0.000000 0.000000 0.000000 0.000000 0.000000 0.000000 0.000000 0.000000 0.000000 0.000000 0.000000 0.000000 0.000000 0.000000 0.000000 0.000000 0.000000 0.000000 0.000000 0.000000 0.000000 0.000000 0.000000 0.000000 0.000000 0.000000 0.000000 0.000000 0.000000 0.000000 0.000000 0.000000 0.000000 0.000000 0.000000 0.000000 0.000000 0.000000 0.000000 0.000000 0.000000 0.000000 0.000000
0.000097 0.000000 0.000000 0.000000 0.000000 0.000000 0.000000 0.000000 0.000000 0.443807 0.000000 0.000000 0.000000 0.000000 0.000000 0.000000 0.000000 0.018512 0.000000 0.000000 0.000129 0.000000 0.000000 0.001043 0.000000 0.046511 0.000000 0.000000 0.002040 0.000000 0.000000 0.000000 0.000000 0.000000 0.000006 0.000000 0.000000 0.000000 0.070079 0.000000 0.000000 0.000000 0.000000 0.000000 0.000000 0.000724 0.000000 0.000000 0.000000 0.000000 0.019043 0.012101 0.258047 0.000000 0.000000 0.000000 0.000000 0.000000 0.000000 0.112388 0.000000 0.000000 0.000000 0.000000 0.000000 0.000006 0.000000 0.000000 0.000000 0.000000 0.000000 0.000000 0.000000 0.000000 0.000000 0.000000 0.001817 0.000000 0.000000 0.000000 0.000000 0.000000 0.000000 0.000000 0.000000 0.000141 0.000000 0.000000 0.000000 0.000000 0.000000 0.000000 0.000000 0.000000 0.000000 0.000080 0.000000 0.000000 0.000000 0.000000 0.000000 0.000000 0.000000 0.000000 0.000000 0.000000 0.000000 0.000000 0.000000 0.000000 0.000000 0.000000 0.000000 0.000000 0.000000 0.000000 0.000000 0.000000 0.000000 0.000000 0.000000 0.000000 0.000000 0.000000 0.000000 0.000000 0.000101 0.000000 0.000000 0.000000 0.000000 0.000000 0.000000 0.000000
0.107987 0.000000 0.000000 0.000000 0.000000 0.000000 0.000000 0.000000 0.000000 0.000000 0.000000 0.000000 0.000000 0.000000 0.000000 0.000000 0.000000 0.001016 0.000000 0.000000 0.000705 0.021752 0.000000 0.000018 0.000010 0.000000 0.000000 0.000000 0.000000 0.000000 0.000009 0.000027 0.000000 0.000005 0.000000 0.112485 0.000041 0.000000 0.002848 0.000014 0.000000 0.000000 0.000018 0.000011 0.186333 0.043606 0.000000 0.000000 0.000000 0.000000 0.000012 0.018605 0.000294 0.048245 0.246417 0.282686 0.000000 0.000000 0.000000 0.000420 0.000005 0.000000 0.000011 0.000000 0.000000 0.000000 0.000000 0.000000 0.000000 0.000000 0.000000 0.000000 0.000000 0.000000 0.000000 0.000000 0.000000 0.000000 0.000000 0.000000 0.000000 0.000000 0.000000 0.000000 0.000000 0.000000 0.000032 0.000020 0.000000 0.000000 0.000000 0.000000 0.000000 0.000000 0.000000 0.000000 0.000000 0.000000 0.000000 0.000000 0.000000 0.000000 0.000000 0.000000 0.000000 0.000000 0.000000 0.000000 0.000000 0.000000 0.000000 0.000000 0.000000 0.000000 0.000000 0.000000 0.000000 0.000000 0.000000 0.000000 0.000000 0.000000 0.000011 0.000000 0.000000 0.000000 0.000000 0.000000 0.000000 0.000000 0.000000 0.000000 0.000000 0.000000
0.064544 0.000000 0.000000 0.000000 0.000000 0.000000 0.000000 0.001112 0.009364 0.009317 0.000000 0.000000 0.000000 0.000000 0.000000 0.000000 0.000000 0.000093 0.000129 0.000705 0.000000 0.018417 0.000000 0.000050 0.000009 0.000000 0.000000 0.000000 0.040508 0.000000 0.000018 0.000019 0.000000 0.000000 0.000005 0.000029 0.000631 0.000000 0.330056 0.000005 0.000000 0.000000 0.000020 0.000000 0.000012 0.255986 0.000000 0.000000 0.000000 0.000005 0.000075 0.001728 0.000217 0.001915 0.000040 0.260207 0.000000 0.000009 0.000000 0.023816 0.000010 0.000000 0.000000 0.000000 0.000000 0.000000 0.000000 0.000000 0.000000 0.000000 0.000000 0.000000 0.000000 0.000000 0.000461 0.000928 0.000596 0.000000 0.000000 0.000000 0.000000 0.000000 0.000000 0.000000 0.000000 0.000000 0.000147 0.011899 0.000000 0.000000 0.000000 0.000000 0.000000 0.000000 0.000000 0.001691 0.000010 0.000049 0.000000 0.000000 0.000000 0.000000 0.000000 0.000000 0.000000 0.000000 0.000000 0.000000 0.000000 0.000000 0.000000 0.000000 0.000023 0.000000 0.000000 0.000000 0.000000 0.000000 0.000000 0.000000 0.000000 0.000000 0.000119 0.000000 0.000005 0.000000 0.001369 0.000055 0.000000 0.000000 0.000000 0.000000 0.000109 0.000000
0.000052 0.000000 0.000000 0.000000 0.000000 0.000000 0.000000 0.000045 0.063778 0.000000 0.000000 0.000000 0.000000 0.000000 0.000000 0.044788 0.011852 0.000014 0.000000 0.021752 0.018417 0.000000 0.001150 0.000312 0.000035 0.000000 0.000000 0.000000 0.000005 0.000037 0.038602 0.000049 0.000652 0.148459 0.000022 0.001960 0.006015 0.000000 0.015888 0.000014 0.000000 0.000047 0.064038 0.000044 0.016884 0.000022 0.000000 0.000000 0.000000 0.000000 0.000484 0.000050 0.000031 0.011052 0.000115 0.319133 0.000000 0.000791 0.000072 0.000077 0.003530 0.000040 0.000011 0.000000 0.000000 0.000069 0.000000 0.000000 0.000000 0.000000 0.000000 0.000000 0.000000 0.000000 0.000000 0.000011 0.000000 0.000000 0.000000 0.000000 0.000000 0.000000 0.000000 0.000000 0.000000 0.000000 0.000038 0.000066 0.000030 0.000000 0.000000 0.000000 0.000000 0.000000 0.000000 0.000000 0.000033 0.000066 0.000011 0.000000 0.000000 0.000000 0.000000 0.000000 0.000000 0.000000 0.000000 0.000000 0.000000 0.000008 0.000000 0.000000 0.000000 0.000000 0.000000 0.000000 0.000000 0.000000 0.000000 0.000000 0.000000 0.000000 0.000019 0.000000 0.000000 0.000000 0.000000 0.000016 0.000000 0.000000 0.000000 0.000000 0.000000 0.000000
0.000000 0.000000 0.000000 0.011782 0.002719 0.000000 0.000000 0.000000 0.000031 0.000000 0.000093 0.279810 0.016766 0.034920 0.000021 0.002096 0.048098 0.000000 0.000000 0.000000 0.000000 0.001150 0.000000 0.000000 0.000000 0.000000 0.000000 0.000000 0.000000 0.134371 0.037975 0.000000 0.000041 0.001575 0.000000 0.000000 0.000000 0.086604 0.000000 0.000000 0.000000 0.193640 0.004888 0.000447 0.000000 0.000000 0.005879 0.000834 0.000000 0.000000 0.000000 0.000004 0.000000 0.000000 0.000000 0.000017 0.237890 0.246718 0.397060 0.000000 0.000037 0.000000 0.000018 0.000000 0.039271 0.000000 0.000046 0.000000 0.000000 0.000000 0.000007 0.000270 0.000000 0.000000 0.000000 0.000000 0.000000 0.000000 0.000000 0.000000 0.000000 0.000000 0.000000 0.000000 0.000000 0.000000 0.000000 0.000000 0.000000 0.000071 0.000000 0.000000 0.000000 0.000000 0.000000 0.000000 0.000921 0.000021 0.000000 0.000000 0.000000 0.000000 0.000000 0.000000 0.000000 0.000000 0.000000 0.000000 0.000000 0.000000 0.000000 0.000000 0.000000 0.000000 0.000000 0.000000 0.000000 0.000000 0.000000 0.000000 0.000000 0.000000 0.000000 0.000000 0.000029 0.000000 0.000000 0.000000 0.000000 0.000000 0.000000 0.001115 0.000000 0.000000
0.000123 0.000000 0.000000 0.000000 0.000032 0.000009 0.000000 0.001902 0.000134 0.000000 0.000008 0.000000 0.000009 0.000009 0.000000 0.000136 0.000188 0.114890 0.001043 0.000018 0.000050 0.000312 0.000000 0.000000 0.118321 0.017371 0.000010 0.000026 0.000108 0.000000 0.000055 0.000809 0.028440 0.000074 0.083949 0.000000 0.000323 0.000000 0.003707 0.000238 0.000000 0.000000 0.002802 0.000107 0.000000 0.000178 0.000013 0.000000 0.000000 0.332234 0.279331 0.012019 0.034770 0.004621 0.000000 0.000102 0.000000 0.000000 0.000000 0.000635 0.001074 0.001461 0.000013 0.000000 0.000000 0.001019 0.000000 0.000000 0.000000 0.000000 0.000000 0.000000 0.000000 0.000000 0.000000 0.000000 0.000000 0.000000 0.000000 0.000000 0.000000 0.000000 0.000000 0.000000 0.000000 0.000000 0.000000 0.000000 0.000000 0.000000 0.000000 0.000000 0.000000 0.000000 0.000000 0.000000 0.000000 0.000000 0.000000 0.000000 0.000000 0.000000 0.000000 0.000000 0.000000 0.000000 0.000000 0.000000 0.000000 0.000000 0.000000 0.000000 0.000000 0.000000 0.000000 0.000000 0.000000 0.000000 0.000000 0.000000 0.000000 0.000000 0.000000 0.000000 0.000000 0.000000 0.000000 0.000009 0.000000 0.000000 0.000000 0.000000 0.000000 0.000000
0.000008 0.000000 0.218607 0.000000 0.000061 0.000054 0.000008 0.000296 0.000089 0.000000 0.001834 0.000000 0.000343 0.000003 0.000000 0.000563 0.000309 0.000023 0.000000 0.000010 0.000009 0.000035 0.000000 0.118321 0.000000 0.008588 0.063714 0.000075 0.000027 0.000000 0.000018 0.001342 0.015559 0.000000 0.309017 0.000000 0.000024 0.000029 0.000865 0.018118 0.000000 0.000017 0.000525 0.028885 0.000000 0.000042 0.000264 0.000010 0.000189 0.227842 0.070991 0.000088 0.000779 0.000019 0.000000 0.000014 0.000000 0.000000 0.000004 0.000913 0.000265 0.328546 0.006481 0.000164 0.000000 0.000125 0.000000 0.000000 0.000000 0.000000 0.000000 0.000000 0.000000 0.000000 0.000000 0.000000 0.000000 0.000000 0.000000 0.000000 0.000000 0.000000 0.000000 0.000000 0.000000 0.000000 0.000000 0.000000 0.000000 0.000000 0.000000 0.000000 0.000000 0.000000 0.000000 0.000000 0.000000 0.000000 0.000000 0.000000 0.000000 0.000000 0.000000 0.000000 0.000000 0.000000 0.000000 0.000000 0.000000 0.000000 0.000000 0.000000 0.000000 0.000000 0.000000 0.000000 0.000000 0.000000 0.000000 0.000000 0.000000 0.000000 0.000000 0.000000 0.000000 0.000000 0.000000 0.000004 0.000000 0.000000 0.000000 0.000000 0.000000 0.000000
0.000000 0.051463 0.000009 0.000000 0.000006 0.000069 0.000023 0.000216 0.000054 0.001514 0.000000 0.000000 0.000000 0.000000 0.000000 0.000011 0.000000 0.000000 0.046511 0.000000 0.000000 0.000000 0.000000 0.017371 0.008588 0.000000 0.000020 0.000046 0.253020 0.000000 0.000000 0.000000 0.000000 0.000000 0.000104 0.000000 0.000000 0.000000 0.000015 0.000165 0.051676 0.000016 0.000016 0.000018 0.000000 0.000000 0.000000 0.000000 0.000021 0.000000 0.366614 0.000000 0.000260 0.000000 0.000000 0.000000 0.000000 0.000000 0.000000 0.078578 0.000151 0.126639 0.000000 0.000055 0.000000 0.045731 0.000000 0.000000 0.000000 0.000000 0.000000 0.000000 0.000000 0.000000 0.000000 0.000000 0.000020 0.000000 0.000000 0.000000 0.000000 0.000000 0.000000 0.000000 0.000000 0.000016 0.000000 0.000000 0.000000 0.000000 0.000000 0.000000 0.000000 0.000000 0.000000 0.000313 0.000000 0.000000 0.000000 0.000000 0.000000 0.000000 0.000000 0.000000 0.000000 0.000000 0.000000 0.000000 0.000000 0.000000 0.000000 0.000000 0.000000 0.000000 0.000000 0.000000 0.000000 0.000000 0.000000 0.000000 0.000000 0.000000 0.000000 0.000000 0.000000 0.000000 0.000078 0.000000 0.000000 0.000000 0.000000 0.000000 0.000000 0.000000
0.000000 0.064624 0.081857 0.000000 0.000240 0.000132 0.000065 0.001534 0.000040 0.000000 0.000000 0.000000 0.000000 0.000003 0.000000 0.000259 0.000201 0.000000 0.000000 0.000000 0.000000 0.000000 0.000000 0.000010 0.063714 0.000020 0.000000 0.018671 0.000005 0.000000 0.000000 0.000019 0.000000 0.000000 0.000363 0.000000 0.000000 0.000000 0.000031 0.286453 0.012314 0.000000 0.000556 0.003314 0.000000 0.000000 0.000013 0.000000 0.000117 0.000000 0.000168 0.000000 0.000005 0.000000 0.000000 0.000000 0.000000 0.000000 0.000000 0.000049 0.001379 0.319194 0.000186 0.000523 0.000000 0.003110 0.000000 0.000000 0.000000 0.000000 0.000000 0.000000 0.000000 0.000013 0.000010 0.000000 0.000000 0.000000 0.000000 0.000000 0.000000 0.000000 0.000000 0.000000 0.000000 0.000000 0.000000 0.000000 0.000000 0.000000 0.000000 0.000000 0.000000 0.000000 0.000000 0.000000 0.000000 0.000000 0.000000 0.000000 0.000000 0.000000 0.000000 0.000000 0.000000 0.000000 0.000000 0.000000 0.000000 0.000000 0.000000 0.000000 0.000000 0.000000 0.000000 0.000000 0.000000 0.000000 0.000000 0.000000 0.000000 0.000000 0.000000 0.000000 0.000000 0.000000 0.000000 0.000028 0.000000 0.000000 0.000000 0.000000 0.000000 0.000000
0.000000 0.101931 0.034756 0.000000 0.000221 0.000631 0.113835 0.001307 0.000031 0.000000 0.024945 0.000000 0.000015 0.007099 0.047251 0.000395 0.000668 0.000000 0.000000 0.000000 0.000000 0.000000 0.000000 0.000026 0.000075 0.000046 0.018671 0.000000 0.000000 0.000000 0.000004 0.000000 0.000000 0.000000 0.000011 0.000000 0.000000 0.000000 0.000019 0.282151 0.002945 0.000021 0.000241 0.025868 0.000000 0.000000 0.005566 0.000025 0.002513 0.000000 0.005043 0.000006 0.000000 0.000000 0.000000 0.000000 0.000000 0.000000 0.000000 0.000030 0.003189 0.000708 0.253042 0.275834 0.000000 0.000186 0.000000 0.000000 0.000000 0.000000 0.000000 0.000000 0.000000 0.000007 0.000000 0.000000 0.000000 0.000000 0.000000 0.000000 0.000000 0.000000 0.000000 0.000000 0.000000 0.000000 0.000000 0.000000 0.000000 0.000000 0.000000 0.000000 0.000000 0.000000 0.000000 0.000000 0.000000 0.000000 0.000000 0.000000 0.000000 0.000000 0.000000 0.000000 0.000000 0.000000 0.000000 0.000000 0.000000 0.000000 0.000000 0.000000 0.000000 0.000000 0.000000 0.000000 0.000000 0.000000 0.000000 0.000000 0.000000 0.000000 0.000000 0.000000 0.000000 0.000000 0.000000 0.000084 0.000000 0.000000 0.000000 0.000000 0.000000 0.000000
0.000000 0.026751 0.000000 0.000000 0.000000 0.000000 0.000005 0.037077 0.064054 0.031883 0.000000 0.000000 0.000000 0.000000 0.000000 0.000000 0.000023 0.000000 0.002040 0.000000 0.040508 0.000005 0.000000 0.000108 0.000027 0.253020 0.000005 0.000000 0.000000 0.000000 0.000000 0.000018 0.000000 0.000005 0.000064 0.000000 0.000005 0.000000 0.030070 0.000085 0.106734 0.000000 0.000029 0.000036 0.000000 0.000000 0.000000 0.000000 0.000000 0.000021 0.020427 0.000034 0.000036 0.000008 0.000000 0.000005 0.000000 0.000000 0.000000 0.227913 0.003117 0.000536 0.000014 0.000013 0.000000 0.216876 0.000000 0.000000 0.000000 0.000000 0.000000 0.000000 0.000000 0.000000 0.003056 0.000784 0.012454 0.000000 0.000000 0.000000 0.000000 0.000000 0.000000 0.000000 0.000000 0.000018 0.000000 0.000122 0.000000 0.000000 0.000000 0.000000 0.000000 0.000000 0.000000 0.048244 0.000000 0.000000 0.000000 0.000000 0.000000 0.000000 0.000000 0.000000 0.000000 0.000000 0.000000 0.000000 0.000000 0.000000 0.000000 0.000000 0.000000 0.000000 0.000000 0.000000 0.000000 0.000000 0.000000 0.000000 0.000000 0.000000 0.000000 0.000000 0.000000 0.000000 0.004128 0.000010 0.000000 0.000000 0.000000 0.000000 0.010435 0.000000
0.000000 0.000000 0.000000 0.150730 0.002955 0.000000 0.000000 0.000000 0.000000 0.000000 0.000000 0.000000 0.000000 0.000000 0.000003 0.000000 0.000194 0.000000 0.000000 0.000000 0.000000 0.000037 0.134371 0.000000 0.000000 0.000000 0.000000 0.000000 0.000000 0.000000 0.104689 0.000000 0.000000 0.000000 0.000000 0.000000 0.000000 0.000000 0.000000 0.000000 0.000000 0.000139 0.000009 0.000055 0.000000 0.000000 0.000000 0.000000 0.000000 0.000000 0.000000 0.000000 0.000000 0.000000 0.000000 0.000009 0.000013 0.223931 0.001483 0.000000 0.000263 0.000000 0.000000 0.000000 0.242196 0.000000 0.001557 0.000000 0.000000 0.000000 0.000902 0.013739 0.000000 0.000000 0.000000 0.000000 0.000000 0.000000 0.000000 0.000000 0.000000 0.006874 0.000000 0.000000 0.000000 0.000000 0.000000 0.000000 0.000009 0.000648 0.000000 0.000000 0.000000 0.000000 0.000000 0.000000 0.008133 0.001883 0.000000 0.000000 0.000000 0.000000 0.000000 0.000000 0.000000 0.000000 0.000000 0.000000 0.000000 0.000000 0.000005 0.000000 0.000000 0.000000 0.000000 0.000000 0.000000 0.000000 0.000000 0.000000 0.000000 0.000000 0.000000 0.000000 0.000298 0.000000 0.000000 0.003579 0.000000 0.000000 0.000000 0.016577 0.000000 0.000000
0.000018 0.000000 0.000000 0.000594 0.060238 0.000032 0.000000 0.000000 0.001212 0.000000 0.000008 0.000059 0.000112 0.000000 0.000022 0.017188 0.166933 0.000000 0.000000 0.000009 0.000018 0.038602 0.037975 0.000055 0.000018 0.000000 0.000000 0.000004 0.000000 0.104689 0.000000 0.000009 0.000032 0.008818 0.000033 0.000000 0.000000 0.000090 0.000132 0.000015 0.000000 0.055349 0.018309 0.005915 0.000000 0.000000 0.000316 0.000366 0.000009 0.000000 0.000038 0.000000 0.000020 0.000017 0.000000 0.000018 0.000195 0.245560 0.024525 0.000004 0.083003 0.000007 0.000016 0.000093 0.130821 0.000034 0.000000 0.000000 0.000000 0.000000 0.000000 0.000696 0.000000 0.000000 0.000010 0.000063 0.000000 0.000000 0.000000 0.000000 0.000000 0.000024 0.000000 0.000000 0.000000 0.000000 0.000005 0.000000 0.000062 0.000000 0.000000 0.000000 0.000000 0.000000 0.000000 0.000000 0.000456 0.004222 0.000000 0.000000 0.000009 0.000000 0.000000 0.000009 0.000000 0.000000 0.000000 0.000000 0.000018 0.000038 0.000010 0.000000 0.000000 0.000000 0.000000 0.000000 0.000000 0.000000 0.000000 0.000000 0.000000 0.000000 0.000000 0.000000 0.000015 0.000000 0.000000 0.001125 0.000000 0.000000 0.000000 0.001139 0.000000 0.000000
0.000017 0.000000 0.002511 0.000000 0.000000 0.000000 0.000000 0.000187 0.000149 0.000000 0.000438 0.000000 0.000000 0.000000 0.000000 0.001279 0.000348 0.000217 0.000000 0.000027 0.000019 0.000049 0.000000 0.000809 0.001342 0.000000 0.000019 0.000000 0.000018 0.000000 0.000009 0.000000 0.284162 0.000037 0.040275 0.000028 0.012682 0.000000 0.000376 0.000068 0.000000 0.000000 0.378885 0.000316 0.000000 0.000000 0.000014 0.000000 0.000000 0.000000 0.000898 0.003029 0.004098 0.000700 0.000030 0.000087 0.000000 0.000000 0.000000 0.001646 0.000963 0.000279 0.000055 0.000000 0.000000 0.000393 0.000000 0.000000 0.000000 0.000000 0.000000 0.000000 0.000000 0.000000 0.000000 0.000000 0.000000 0.000000 0.000000 0.000000 0.000000 0.000000 0.000000 0.000000 0.000000 0.000000 0.000000 0.000000 0.000008 0.000000 0.000000 0.000000 0.000000 0.000000 0.000000 0.000000 0.000000 0.000000 0.000000 0.000000 0.000000 0.000000 0.000000 0.000000 0.000000 0.000000 0.000000 0.000000 0.000000 0.000008 0.000000 0.000000 0.000000 0.000000 0.000000 0.000000 0.000000 0.000000 0.000000 0.000000 0.000000 0.000000 0.000000 0.000000 0.000000 0.000000 0.000000 0.000000 0.000000 0.000000 0.000000 0.000000 0.000000 0.000000
0.000007 0.000000 0.001902 0.000000 0.000015 0.000007 0.000000 0.000037 0.000087 0.000000 0.000910 0.000282 0.000022 0.000000 0.000000 0.000389 0.000866 0.000007 0.000000 0.000000 0.000000 0.000652 0.000041 0.028440 0.015559 0.000000 0.000000 0.000000 0.000000 0.000000 0.000032 0.284162 0.000000 0.110933 0.243886 0.000341 0.088923 0.000015 0.000167 0.000022 0.000000 0.000015 0.259463 0.000394 0.003416 0.000007 0.000052 0.000000 0.000000 0.000015 0.000247 0.000164 0.000217 0.004694 0.003293 0.000421 0.000000 0.000007 0.000000 0.000136 0.000333 0.000152 0.000022 0.000000 0.000000 0.000023 0.000000 0.000000 0.000000 0.000000 0.000000 0.000000 0.000000 0.000000 0.000000 0.000007 0.000000 0.000000 0.000000 0.000000 0.000000 0.000000 0.000000 0.000000 0.000000 0.000000 0.000000 0.000000 0.000008 0.000000 0.000000 0.000000 0.000000 0.000000 0.000000 0.000000 0.000000 0.000000 0.000000 0.000000 0.000000 0.000000 0.000000 0.000000 0.000000 0.000000 0.000000 0.000000 0.000000 0.000000 0.000000 0.000000 0.000000 0.000000 0.000000 0.000000 0.000000 0.000000 0.000000 0.000000 0.000000 0.000000 0.000000 0.000000 0.000000 0.000000 0.000000 0.000000 0.000000 0.000000 0.000000 0.000000 0.000000 0.000000
